time,acc_x,acc_y,acc_z,mag_x,mag_y,mag_z,gyr_x,gyr_y,gyr_z
1592167827.8395016,-0.07353911877645533,8.88453626158576,4.443105900040154,-0.43,-0.35,-0.19111111111111112,0.013092782485558936,0.0056388912427794684,0.011902
1592167827.8495016,-0.08302498547058625,8.892055187998418,4.467950436456128,-0.43,-0.35,-0.19111111111111112,0.014007339267553418,0.008057,0.015106
1592167827.8595016,-0.08559349271685841,8.90076888903741,4.459497589113165,-0.43,-0.35,-0.18711892836524208,0.016157739846264268,0.012309653731150165,0.01651378380801803
1592167827.8695016,-0.059330977907456686,8.90205845693092,4.452427657231248,-0.43,-0.35,-0.18444444444444444,0.0171701526194866,0.016870586940978965,0.016932847380513403
1592167827.8795016,-0.0831341524397646,8.888010634990248,4.450934342498272,-0.43,-0.35,-0.18444444444444444,0.018597282638158037,0.018053717361841966,0.01746556527631607
1592167827.8895016,-0.12073414858255634,8.866935320537188,4.498465101045135,-0.43,-0.35,-0.18444444444444444,0.023895488890246702,0.018707,0.021230681714416416
1592167827.8995016,-0.1618803016338689,8.895238636234156,4.498545317666304,-0.43,-0.35,-0.18444444444444444,0.029439081117723583,0.02050064506709936,0.03145577626020787
1592167827.9095016,-0.18777191646757088,8.897497489939074,4.564309952693603,-0.43,-0.3535582979817457,-0.1957123880533059,0.03944001997977389,0.023474467538616824,0.04135301793858196
1592167827.9195015,-0.12209228016158696,8.895990450041607,4.593107487811507,-0.43,-0.3566666666666667,-0.20555555555555555,0.0536353471720438,0.019772150787334283,0.050793497959378084
1592167827.9295015,-0.03617154672780479,8.905816774680076,4.618212669556796,-0.43,-0.3566666666666667,-0.20555555555555555,0.06724012992341144,0.01561461284733773,0.054012119925054426
1592167827.9395015,-0.06158047123668387,8.872917374041252,4.546111267134056,-0.43,-0.3566666666666667,-0.20555555555555555,0.0821206888485096,0.00886731115149041,0.052383
1592167827.9495015,-0.12648918485761546,8.918378525235667,4.532128507777772,-0.43,-0.3566666666666667,-0.20555555555555555,0.09411489173237093,-0.003485717932167109,0.05433745586803672
1592167827.9595015,-0.1692205342898812,8.898709249483678,4.5635623036991815,-0.4365439243424362,-0.3530972533889742,-0.19425241350952938,0.1063174543883527,-0.008523652319517573,0.0597934543883527
1592167827.9695015,-0.2191667646003545,8.8939931191843,4.468764630765964,-0.44222222222222224,-0.35,-0.18444444444444444,0.112747,-0.0183948760100029,0.06417979092034466
1592167827.9795015,-0.28249900725999755,8.89728100469222,4.293708294986657,-0.44222222222222224,-0.35,-0.18444444444444444,0.10418388524615403,-0.0474490048629214,0.026722676723686146
1592167827.9895015,-0.423099188602586,8.958321332769092,4.20105,-0.44222222222222224,-0.35,-0.18444444444444444,0.09228747148183308,-0.05244174237522921,0.023163148118151622
1592167827.9995015,-0.4013253337523391,8.903400217907404,4.084401422887139,-0.44222222222222224,-0.35,-0.18444444444444444,0.07148876021702286,-0.07584605953646854,0.02924496889696334
1592167828.0095015,-0.3697675315179923,8.931409192518828,4.068418259456203,-0.438892154804395,-0.35,-0.18444444444444444,0.04423778651297625,-0.10860449619675044,0.013985356143737266
1592167828.0195014,-0.36381362007039947,8.908472657298418,4.045829817517079,-0.43666666666666665,-0.35,-0.18444444444444444,0.014281051476164802,-0.11950878034390841,-0.0010379064152117202
1592167828.0295014,-0.41432279912764924,8.89366034281217,4.137235357091232,-0.43666666666666665,-0.35,-0.18444444444444444,-0.014485806815811053,-0.14069408543978273,-0.013266505336290887
1592167828.0395014,-0.5750247181468151,8.929942716714828,4.239945371662096,-0.43666666666666665,-0.35,-0.18444444444444444,-0.036267749660500385,-0.1662183949289343,-0.024573831684834995
1592167828.0495014,-0.7126612076806061,8.855649375416416,4.279429343454597,-0.43666666666666665,-0.35,-0.18444444444444444,-0.05125895739127165,-0.1819450058953848,-0.043385810361587215
1592167828.0595014,-0.7552006862534217,8.842295969223958,4.265645112612522,-0.4429860434923726,-0.34712755598831546,-0.18444444444444444,-0.07687179755669094,-0.20126169924329423,-0.07052560313872464
1592167828.0695014,-0.7615174019588542,8.827354724975175,4.307333064998323,-0.4488888888888889,-0.34444444444444444,-0.18444444444444444,-0.09508002858663378,-0.2276872137693297,-0.11858511368311388
1592167828.0795014,-0.8430328749843844,8.80848974236092,4.32796039016984,-0.4488888888888889,-0.34444444444444444,-0.18444444444444444,-0.12118710921319141,-0.23503622506712143,-0.12573301182102342
1592167828.0895014,-0.7991981988398341,8.818610317408135,4.373511860539144,-0.4488888888888889,-0.34444444444444444,-0.18444444444444444,-0.1358024589601352,-0.2620305195130335,-0.1310627800659695
1592167828.0995014,-0.7635283612907651,8.827526083858476,4.466422969446027,-0.4488888888888889,-0.34444444444444444,-0.18444444444444444,-0.1493550306440719,-0.2453236821475393,-0.13479626371229
1592167828.1095014,-0.7399726017807301,8.930608281834116,4.658286648897226,-0.44552667190210615,-0.34724629193343004,-0.18444444444444444,-0.1461730849165599,-0.21481752868646312,-0.08536403005566995
1592167828.1195014,-0.5108224509560139,8.858192031205128,4.8830857666289935,-0.44222222222222224,-0.35,-0.18444444444444444,-0.11191835286380936,-0.18844398541991675,-0.048565011977641535
1592167828.1295013,-0.3098961605212754,8.853134274207022,4.8112398146424935,-0.44222222222222224,-0.35,-0.18444444444444444,-0.08855317609855354,-0.14585514033052097,-0.0826837296184939
1592167828.1395013,-0.4611675773552571,8.769712752346763,4.7843248835632455,-0.44222222222222224,-0.35,-0.18444444444444444,-0.04815699951383041,-0.09835923805520727,-0.13617952426620136
1592167828.1495013,-0.7575778886916985,8.990870286378117,4.653950415921,-0.44222222222222224,-0.35,-0.18444444444444444,-0.03022053791843779,-0.08587957203897069,-0.12957624421161867
1592167828.1595013,-0.8372423854319465,8.964420357702028,4.825778577399498,-0.4489967583676122,-0.35312670899018,-0.18757115343462444,0.005056205648720804,-0.10786337979878667,-0.0884849051410497
1592167828.1695013,-0.7985214168412199,8.872673877582354,4.729819531161239,-0.45666666666666667,-0.3566666666666667,-0.19111111111111112,0.026888432489446598,-0.12853256881273478,-0.024757585118665354
1592167828.1795013,-1.1431061087901644,8.894651729909233,4.6469171632906665,-0.45666666666666667,-0.3566666666666667,-0.19111111111111112,0.039440550100675424,-0.1569454676284912,0.04643304807799414
1592167828.1895013,-0.5290918849830502,8.462420514373447,5.370511253401457,-0.45666666666666667,-0.3566666666666667,-0.19111111111111112,0.046859530942503225,-0.1371615092799758,0.008815240620101403
1592167828.1995013,-0.8026289985302332,9.129088871176656,4.695003946507162,-0.45666666666666667,-0.3566666666666667,-0.19111111111111112,0.10652449698502492,-0.15060774460587206,-0.04764078783597451
1592167828.2095013,-0.901551647248783,8.913269746856205,4.845895599926855,-0.4465603038936372,-0.36677302943969614,-0.19111111111111112,0.14510958005936359,-0.14054192106658628,0.004087187674799528
1592167828.2195013,-0.6717345065545643,9.02858049182248,4.466204703316237,-0.43,-0.38333333333333336,-0.19111111111111112,0.1834055441498953,-0.131485,-0.01361829565448717
1592167828.2295012,-0.7147319912289454,9.194228535940988,4.052588453547132,-0.43,-0.38333333333333336,-0.19111111111111112,0.21421602163913295,-0.08357545225618486,-0.013718085643913568
1592167828.2395012,-0.6359618539526418,9.050621859013503,3.647030994939138,-0.43,-0.38333333333333336,-0.19111111111111112,0.19020921442697936,-0.05346621999571383,-0.014833983996783134
1592167828.2495012,-0.8171515148671796,9.172560876779995,3.665609568550317,-0.43,-0.38333333333333336,-0.19111111111111112,0.15407868494864774,-0.08782381369963259,0.02363666608456951
1592167828.2595012,-0.9329102336327696,9.061635575140413,3.7300187412514014,-0.4422700473190111,-0.3808793238695311,-0.19929114265711853,0.11571093450827846,-0.11006914537615357,0.0809236720629631
1592167828.2695012,-0.6943601169579542,8.787102058744637,3.810050545519652,-0.4633333333333333,-0.37666666666666665,-0.21333333333333335,0.06016519648695949,-0.11274648741583856,0.07628302176303305
1592167828.2795012,-0.5300481194829746,8.963124175114778,3.716092209470672,-0.4633333333333333,-0.37666666666666665,-0.21333333333333335,0.0031504772410010026,-0.10235443505430802,0.019109912295309023
1592167828.2895012,-0.6799949638283711,8.975744702424336,4.094566258785697,-0.4633333333333333,-0.37666666666666665,-0.21333333333333335,-0.027306150229286157,-0.11767801394604227,-0.0018440010019871059
1592167828.2995012,-0.6863953609181964,8.92119988843827,4.424532008681327,-0.4633333333333333,-0.37666666666666665,-0.21333333333333335,-0.02417695792309086,-0.08963956153535428,-0.017315237040111807
1592167828.3095012,-0.5606425990755571,8.872272216795517,4.095132126885401,-0.46091707263369386,-0.38059309030358074,-0.2169577243827925,-0.027008103557109562,-0.0699156651223448,-0.08772009223919693
1592167828.3195012,-0.6476024952782584,9.062792548855125,4.033316594269027,-0.45444444444444443,-0.39111111111111113,-0.22666666666666666,-0.03840140831781656,-0.07471413710118262,-0.08476682819805301
1592167828.3295012,-0.5075892204135094,9.01923058081913,4.164897531247546,-0.45444444444444443,-0.39111111111111113,-0.22666666666666666,-0.04761984753473394,-0.052153848299074095,-0.045595614377792186
1592167828.3395011,-0.36604449947170126,8.954018596422772,4.045401463340321,-0.45444444444444443,-0.39111111111111113,-0.22666666666666666,-0.06298472706284065,-0.04993506290378159,-0.026660709648686696
1592167828.3495011,-0.28909898304907644,8.890529371063408,4.072603259694016,-0.45444444444444443,-0.39111111111111113,-0.22666666666666666,-0.0913715158520288,-0.034646855507796594,-0.01895991363102825
1592167828.3595011,-0.29222781090669653,8.876786750661697,4.165139710106827,-0.4580076132552597,-0.4023096416593877,-0.22768471489832817,-0.1152392276989459,-0.02521254289667031,-0.026224848158436936
1592167828.369501,-0.4194334076551936,8.952535326174036,4.446583619412586,-0.4622222222222222,-0.41555555555555557,-0.2288888888888889,-0.12578758001087773,-0.048112381595399906,-0.007301034566003304
1592167828.379501,-0.34710232001816815,8.87504682115271,4.5983320152165765,-0.4622222222222222,-0.41555555555555557,-0.2288888888888889,-0.11576535068632467,-0.04250052889121728,0.0102742846733738
1592167828.389501,-0.3143272436218386,8.890490006772533,4.716016636356544,-0.4622222222222222,-0.41555555555555557,-0.2288888888888889,-0.11111289663083906,-0.0564494062683533,0.008730376836223321
1592167828.399501,-0.265450682056174,8.86066931617237,4.925004913650473,-0.4622222222222222,-0.41555555555555557,-0.2288888888888889,-0.06753556270650798,-0.027369009588715486,-0.013846015229293289
1592167828.409501,-0.243859344897802,8.953410883699053,5.102782069514179,-0.4622222222222222,-0.41555555555555557,-0.2366088727603569,-0.006534275469775674,0.007172877236968857,-0.044588680876350095
1592167828.419501,-0.285022849995195,8.92139018428633,5.087280779786535,-0.4622222222222222,-0.41555555555555557,-0.25,0.06475058557201654,0.01462862187286796,-0.06133261749900232
1592167828.429501,-0.2509139817767963,8.895997386227712,4.846919118558966,-0.4622222222222222,-0.41555555555555557,-0.25,0.1149226402540114,0.019308006629414547,-0.08937892596941262
1592167828.439501,-0.28018844569473667,8.943092299468674,4.6177840971313735,-0.4622222222222222,-0.41555555555555557,-0.25,0.14154472710281968,-0.013428444641014897,-0.11129806049271589
1592167828.449501,-0.42617128513450636,9.019756448668264,4.53881219233836,-0.4622222222222222,-0.41555555555555557,-0.25,0.16228634962896304,-0.06423496142255027,-0.10682188305169307
1592167828.459501,-0.36281999338006293,9.016236158186306,4.458962770495138,-0.4639809215450763,-0.4098397827562797,-0.26187122042926525,0.1790318045770028,-0.06908798695556738,-0.05950247488450212
1592167828.469501,-0.2004422990693945,8.889504807522815,4.102669970376571,-0.4666666666666667,-0.4011111111111111,-0.28,0.17864207298551293,-0.05404555399705401,-0.07013953112039616
1592167828.479501,-0.3279598750071344,9.045472687654364,3.910777576449869,-0.4666666666666667,-0.4011111111111111,-0.28,0.1451105994272431,-0.10757242818263597,-0.055556117281849796
1592167828.489501,-0.35981336996249275,8.944323401822325,4.096256801537417,-0.4666666666666667,-0.4011111111111111,-0.28,0.1279563864586276,-0.05964448238549268,-0.039172572148363824
1592167828.499501,-0.4373704077673235,9.001524423871903,4.129612365152541,-0.4666666666666667,-0.4011111111111111,-0.28,0.10729291952222096,-0.07545729604383045,-0.04489706838519453
1592167828.509501,-0.5289872867111547,8.886197873370579,4.244931029993332,-0.4607487271638215,-0.40329140461215934,-0.28373764600179696,0.09996,-0.05373919423067702,-0.054691718372347764
1592167828.519501,-0.6046057931228929,9.057994797687877,4.276642200829862,-0.44555555555555554,-0.4088888888888889,-0.29333333333333333,0.091726327565381,-0.08194886961629677,-0.045375590116724686
1592167828.529501,-0.6154517202368137,8.936442708294297,4.4124826038198215,-0.44555555555555554,-0.4088888888888889,-0.29333333333333333,0.10747868014939163,-0.08999405302562488,-0.017365473487187564
1592167828.539501,-0.4740494219564522,8.986639765426393,4.393894818918062,-0.44555555555555554,-0.4088888888888889,-0.29333333333333333,0.1168951238085857,-0.1127107218332796,-0.0028470830958326147
1592167828.549501,-0.33769575688034253,8.95831565133769,4.235054600692382,-0.44555555555555554,-0.4088888888888889,-0.29333333333333333,0.12362758686937973,-0.10287168001725396,-0.019743703318403867
1592167828.559501,-0.2136023756924428,8.983308647813255,4.2890943451024635,-0.4513616329570314,-0.4124370473009019,-0.2910754143438705,0.11969147271113724,-0.09336530510662078,0.003959052454260497
1592167828.569501,-0.05051172059282518,8.94704986235919,4.151205119729102,-0.46555555555555556,-0.4211111111111111,-0.28555555555555556,0.10971070276948176,-0.05690144484815468,-0.0013689098975297996
1592167828.579501,-0.05809212707464445,8.882747228332075,4.300321261509466,-0.46555555555555556,-0.4211111111111111,-0.28555555555555556,0.0992169360962338,-0.03857060826956208,-0.015233322067861646
1592167828.589501,-0.13018779556847937,9.043841218996933,4.433944786540149,-0.46555555555555556,-0.4211111111111111,-0.28555555555555556,0.10929181904793644,-0.019006935367122058,-0.01717409909041639
1592167828.599501,-0.2764903959474401,8.875413557165833,4.607426190289533,-0.46555555555555556,-0.4211111111111111,-0.28555555555555556,0.12961358158155792,-0.00954179087842292,-0.005950576169848309
1592167828.609501,-0.3123908248863003,9.006978327337949,4.510211458169752,-0.46734450958209056,-0.42193678220028114,-0.28734450958209057,0.15291232413197442,-0.007491802187999101,0.0139816132834387
1592167828.6195009,-0.29490154093593945,8.921375786315648,4.4237886667226824,-0.48,-0.42777777777777776,-0.3,0.1679418530579721,0.013017913669935361,0.04617634716382375
1592167828.6295009,-0.10787180745835306,9.184590795420803,4.211963749705221,-0.48,-0.42777777777777776,-0.3,0.17784388382283975,0.044156546658043694,0.04841444287924365
1592167828.6395009,-0.24725956395067486,8.97578249456741,4.243027960224837,-0.48,-0.42777777777777776,-0.3,0.19495565861106487,0.04161519482851268,0.06989076623595299
1592167828.6495008,-0.14200515773724537,9.075732449779688,3.975774023355634,-0.48,-0.42777777777777776,-0.3,0.1899336666930801,0.07511131706254058,0.07042680269022734
1592167828.6595008,-0.1398063450852827,8.87778325867694,3.819435063507147,-0.4794790490995691,-0.4337687131327328,-0.30703283715581675,0.16364044258689073,0.0899556555989632,0.05253876286230283
1592167828.6695008,-0.16514540404327163,9.016808679342033,3.7802781304992235,-0.4777777777777778,-0.4533333333333333,-0.33,0.12311573508499024,0.08360773478224066,0.03963192354412226
1592167828.6795008,-0.20016904776444283,8.980075600744344,3.8457224536189436,-0.4777777777777778,-0.4533333333333333,-0.33,0.08359672143082698,0.08994568788779558,0.02208915605610221
1592167828.6895008,-0.26211495739007273,8.939076483655988,3.9633702053256563,-0.4777777777777778,-0.4533333333333333,-0.33,0.057039160613815566,0.08751694980408192,0.02086053258998672
1592167828.6995008,-0.3821317393503413,9.026336483487206,4.124397434346696,-0.4777777777777778,-0.4533333333333333,-0.33,0.04076981989288115,0.07186755059853399,0.04422625901716973
1592167828.7095008,-0.15982403964062522,8.949484501587875,4.021622254211611,-0.4789768930865231,-0.4555317113993663,-0.33,0.017477344987871464,0.08515557549686792,0.06446859526318811
1592167828.7195008,-0.0823201030062973,9.30211597271718,3.991479809472367,-0.48444444444444446,-0.46555555555555556,-0.33,0.022052013972213742,0.0785998521597294,0.0812794615856661
1592167828.7295008,0.16483558087793604,8.72719760748393,3.8912498445141157,-0.48444444444444446,-0.46555555555555556,-0.33,0.0017083820303849086,0.1424966404768218,0.07432101025213134
1592167828.7395008,0.18156998177704586,9.206620635274126,3.7466230219045045,-0.48444444444444446,-0.46555555555555556,-0.33,-0.021752214019517352,0.10622147958837175,0.04683964205855206
1592167828.7495008,0.0810594440907974,8.769627227736024,3.9881747503351788,-0.48444444444444446,-0.46555555555555556,-0.33,-0.03295729934582075,0.15256140956294717,0.04221553377051882
1592167828.7595007,0.12220266327664389,9.253878977556564,3.8001058425080143,-0.48481220657276997,-0.46531038080333853,-0.3307968179447053,-0.05762685019843533,0.14870520719424482,0.014277230331645702
1592167828.7695007,0.0362624104178986,8.824419926972448,3.9856404100206904,-0.49777777777777776,-0.45666666666666667,-0.35888888888888887,-0.06155124188543475,0.15165535695022844,-0.025231998659496574
1592167828.7795007,-0.0015315856099380326,9.253617336327073,3.9654388188420273,-0.49777777777777776,-0.45666666666666667,-0.35888888888888887,-0.07388005900133264,0.15968062130720564,-0.05600712213234829
1592167828.7895007,-0.23547986797985948,9.016062697470954,4.22175678274422,-0.49777777777777776,-0.45666666666666667,-0.35888888888888887,-0.06920162126068445,0.13633905722258932,0.0003573048909636216
1592167828.7995007,-0.09707778087138726,9.04897947533529,3.9644159251650506,-0.49777777777777776,-0.45666666666666667,-0.35888888888888887,-0.09628822765270957,0.11800903613240905,0.06566845530541915
1592167828.8095007,0.1283856500635001,8.990358924784799,4.0344833074297926,-0.49777777777777776,-0.45666666666666667,-0.35888888888888887,-0.11878595928142398,0.10566699590523741,0.10678079055812256
1592167828.8195007,0.268262556080102,9.001110054378868,4.142171439029011,-0.5044444444444445,-0.4633333333333333,-0.3888888888888889,-0.12475400318963985,0.12557902524127929,0.10263931312893552
1592167828.8295007,0.1701576443738582,9.056926396717385,4.25341626471117,-0.5044444444444445,-0.4633333333333333,-0.3888888888888889,-0.11832747150048828,0.11153015660403016,0.1156167610192906
1592167828.8395007,0.23342394499990882,9.049680036058971,4.2825999499198115,-0.5044444444444445,-0.4633333333333333,-0.3888888888888889,-0.10674203529544961,0.13153123160571067,0.1418155624974793
1592167828.8495007,0.43692980582810464,8.912391582909512,4.310177754044352,-0.5044444444444445,-0.4633333333333333,-0.3888888888888889,-0.09395288746093264,0.15964388165849736,0.14104019406079624
1592167828.8595006,0.6110860357760868,9.02120052978141,4.30011710732826,-0.5031650420121442,-0.4640222423353412,-0.3901682913211892,-0.08821724447939584,0.19604217103835048,0.10783960441290316
1592167828.8695006,0.4853732005205767,8.99979885011035,4.451174958731821,-0.49,-0.4711111111111111,-0.4033333333333333,-0.06021380296030653,0.2241021408981313,0.07459216390091906
1592167828.8795006,0.3277933105805666,9.182469428865335,4.562158353863445,-0.49,-0.4711111111111111,-0.4033333333333333,-0.013897789722844986,0.23129016032764577,0.09049380246390971
1592167828.8895006,0.24086475415956662,8.9182113021945,4.449004506805016,-0.49,-0.4711111111111111,-0.4033333333333333,0.019957560613924154,0.2371289373667475,0.10211430539937044
1592167828.8995006,0.2881104542489692,9.113233483105228,4.122671014532727,-0.49,-0.4711111111111111,-0.4033333333333333,0.020958646827110326,0.20595982084960465,0.08714179741989506
1592167828.9095006,0.18398534612026693,9.046966147378653,4.203672766332244,-0.49,-0.4708488835637208,-0.403558099802525,0.028595,0.19829708275546246,0.09010991724453754
1592167828.9195006,0.07090172963225432,9.037661413116991,4.238538007207558,-0.49,-0.4633333333333333,-0.41,0.036998448455172465,0.15362034297295105,0.10056342414944479
1592167828.9295006,0.17600353564115456,8.85335956813973,4.081624638100795,-0.49,-0.4633333333333333,-0.41,0.022248073849621575,0.16406972244361429,0.09212908311653195
1592167828.9395006,0.2659369473315854,8.942742334102201,3.961550092968453,-0.49,-0.4633333333333333,-0.41,-0.009853564086255328,0.1597814234756823,0.045898244964290395
1592167828.9495006,0.12877334552757178,8.972375546841626,4.103917701426387,-0.49,-0.4633333333333333,-0.41,-0.03091383717795486,0.12506055478395575,0.05329853175721593
1592167828.9595006,0.24725582628107248,9.132231076462881,4.212801848174587,-0.49,-0.4633333333333333,-0.41,-0.03282092030689786,0.12241105689050609,0.07086879938025183
1592167828.9695005,0.2923739389460141,9.089222550698109,4.233223061499874,-0.5044444444444445,-0.4622222222222222,-0.44555555555555554,-0.016221329902442128,0.12113629777350578,0.11286787060260713
1592167828.9795005,0.5040260285539382,8.919370471463752,4.090201008502297,-0.5044444444444445,-0.4622222222222222,-0.44555555555555554,-0.02328994660785791,0.13359790536099228,0.13694557038204688
1592167828.9895005,0.4951904676235627,9.008813269947376,4.038707192869306,-0.5044444444444445,-0.4622222222222222,-0.44555555555555554,-0.03231415026723483,0.10794866806521944,0.11416712463924697
1592167828.9995005,0.3149287798160985,9.077476921559375,4.212313423020974,-0.5044444444444445,-0.4622222222222222,-0.44555555555555554,-0.033248572029423024,0.107132,0.10633848745297478
1592167829.0095005,0.27258646004121656,8.882981594751623,4.282201964176298,-0.5044444444444445,-0.4622222222222222,-0.44555555555555554,-0.027937745057669043,0.12348299291725563,0.10284068880195264
1592167829.0195005,0.3917172826000072,9.029273921631571,4.223466006687756,-0.5133333333333333,-0.4688888888888889,-0.4577777777777778,-0.024638312587182094,0.10971216276640822,0.04151529632883796
1592167829.0295005,0.2574357971754309,8.959797841995004,4.241586143856819,-0.5133333333333333,-0.4688888888888889,-0.4577777777777778,-0.012549673530235905,0.12087025868978328,-0.01748362417398784
1592167829.0395005,0.16508876383232712,9.06495324517667,4.089244056166753,-0.5133333333333333,-0.4688888888888889,-0.4577777777777778,-0.011186847395689944,0.11021059938757995,-0.012086004177381092
1592167829.0495005,0.3690797851440205,8.95301794612778,4.0023944217302505,-0.5133333333333333,-0.4688888888888889,-0.4577777777777778,-0.025192496526947605,0.11227047968958995,-0.01652902378346244
1592167829.0595005,0.355408,9.139437231025827,3.945595626796071,-0.5133333333333333,-0.4688888888888889,-0.4577777777777778,-0.04830669260210166,0.084763,-0.004332341608506797
1592167829.0695004,0.3199242209089554,8.971685786990784,4.019355143468154,-0.4922222222222222,-0.4488888888888889,-0.46555555555555556,-0.05908930343268748,0.08890884807268903,0.012013151927310967
1592167829.0795004,0.25700851628343785,9.036183694283876,4.073037764051273,-0.4922222222222222,-0.4488888888888889,-0.46555555555555556,-0.07440222003562158,0.06195448713721933,0.01726299988494075
1592167829.0895004,0.08100639374798654,8.970161313366093,4.159580450693938,-0.4922222222222222,-0.4488888888888889,-0.46555555555555556,-0.08186560265874279,0.05160201367041065,0.02741930415935826
1592167829.0995004,-0.06172686316300101,9.021526524866154,4.202155749773085,-0.4922222222222222,-0.4488888888888889,-0.46555555555555556,-0.08280591500146975,0.03787914010282363,0.04873106708394648
1592167829.1095004,0.21713480710911257,8.879284746483272,4.307932925091173,-0.4922222222222222,-0.4488888888888889,-0.46555555555555556,-0.08009570670280343,0.07378674449616479,0.04267596149041181
1592167829.1195004,0.2998163372695623,8.981101325460877,4.065568414606815,-0.4988888888888889,-0.4622222222222222,-0.4866666666666667,-0.08980749026924252,0.0983828805223639,-0.03803586342845455
1592167829.1295004,0.019970540150313965,9.021761979502509,4.067867322196841,-0.4988888888888889,-0.4622222222222222,-0.4866666666666667,-0.09967414360053854,0.061987672614325875,-0.04365854599206189
1592167829.1395004,-0.032395388520062775,9.071100341402326,4.18821588096329,-0.4988888888888889,-0.4622222222222222,-0.4866666666666667,-0.101364,0.07893034395733768,0.004366003948366402
1592167829.1495004,0.13778700714859002,8.956275257072791,4.1840559742887145,-0.4988888888888889,-0.4622222222222222,-0.4866666666666667,-0.1039754887399863,0.07230744537414942,0.041140488739986304
1592167829.1595004,0.19824346252064107,9.001012551988735,4.170295672367066,-0.4988888888888889,-0.4622222222222222,-0.4866666666666667,-0.11503116434240744,0.045663652170779445,0.051440973668948155
1592167829.1695004,0.36312660330154406,8.896586666163028,4.094798179569558,-0.49333333333333335,-0.47555555555555556,-0.49333333333333335,-0.12724047403093344,0.11610867300665578,0.032322138572283055
1592167829.1795003,0.14975579642298265,9.006610507498443,4.129564605057679,-0.49333333333333335,-0.47555555555555556,-0.49333333333333335,-0.15498394229713908,0.03660883004965698,0.038950221266611164
1592167829.1895003,0.041548637266222314,8.951735753699927,4.278878599773141,-0.49333333333333335,-0.47555555555555556,-0.49333333333333335,-0.15991540757472258,0.050674,0.08306353543376344
1592167829.1995003,0.0621013360418246,8.959502494619853,4.3486970962205325,-0.49333333333333335,-0.47555555555555556,-0.49333333333333335,-0.15885665722861664,0.05516565003832204,0.11510050359514731
1592167829.2095003,0.13744860788604568,8.80605434802849,4.468914130716305,-0.49333333333333335,-0.47555555555555556,-0.49333333333333335,-0.14940388873477012,0.0983502457377988,0.0668192596420155
1592167829.2195003,-0.04616960466636115,8.918583779238016,4.499791130316044,-0.49333333333333335,-0.45666666666666667,-0.5077777777777778,-0.13893967135168686,0.09517755107966017,0.026368946114085134
1592167829.2295003,-0.07642111047037795,8.872879420248594,4.567439357271102,-0.49333333333333335,-0.45666666666666667,-0.5077777777777778,-0.12022412483492022,0.13507185898597032,-0.007133831688444248
1592167829.2395003,-0.1398691952034496,8.933146748844372,4.589558488827381,-0.49333333333333335,-0.45666666666666667,-0.5077777777777778,-0.11445942978176607,0.09725789911596341,-0.034049058350377415
1592167829.2495003,-0.12890326278267658,8.942225506557751,4.696325252074976,-0.49333333333333335,-0.45666666666666667,-0.5077777777777778,-0.08721290509577746,0.101807,-0.043643486308068656
1592167829.2595003,-0.16869847863337448,8.901023978903792,4.630752643244293,-0.49333333333333335,-0.45666666666666667,-0.5077777777777778,-0.061724095024649775,0.0737526278735246,-0.0642773268258128
1592167829.2695003,-0.3467662972240236,8.966787461239798,4.5271572832381946,-0.4888888888888889,-0.4633333333333333,-0.5288888888888889,-0.04990876468370442,0.03848966478556635,-0.04545030487399927
1592167829.2795002,-0.3472036738943984,8.952218396249952,4.497562608315608,-0.4888888888888889,-0.4633333333333333,-0.5288888888888889,-0.03917446261225987,0.03171441874255649,0.009169760026074706
1592167829.2895002,-0.18883586956477963,8.876033977362939,4.512511817963237,-0.4888888888888889,-0.4633333333333333,-0.5288888888888889,-0.036392,0.03944893885015581,0.028126212490318908
1592167829.2995002,-0.23531452560170257,8.925221989334252,4.5682201108324465,-0.4888888888888889,-0.4633333333333333,-0.5288888888888889,-0.032237102376859526,0.01041641072482896,0.03074625714206837
1592167829.3095002,-0.3262734938990167,8.913199715344968,4.698676838189886,-0.4888888888888889,-0.4633333333333333,-0.5288888888888889,-0.010860920767323205,0.001215467198361854,0.04595872201920515
1592167829.3195002,-0.2765933499263999,8.852948981300615,4.720589309893333,-0.4688888888888889,-0.4633333333333333,-0.5277777777777778,0.01243690517193065,-0.0009086108384687556,0.044094443856184905
1592167829.3295002,-0.31968374526187215,8.91803697492671,4.518277242152329,-0.4688888888888889,-0.4633333333333333,-0.5277777777777778,0.02178204774198876,-0.04186075485473231,0.04630203246128252
1592167829.3395002,-0.20870364705949962,8.860044806650015,4.418534292990043,-0.4688888888888889,-0.4633333333333333,-0.5277777777777778,0.031784,-0.032481178376304445,0.03046379321915612
1592167829.3495002,-0.13891020081149297,8.897452677484395,4.206603952650792,-0.4688888888888889,-0.4633333333333333,-0.5277777777777778,0.024498744645327093,-0.025384408590997578,0.0062964603493314815
1592167829.3595002,-0.050802343690276204,8.873948384452783,4.203637497981647,-0.4688888888888889,-0.4633333333333333,-0.5277777777777778,0.004761028284577189,-0.013017623607057188,-0.02639707839827461
1592167829.3695002,-0.09513617951274203,8.966451728161417,4.276037829914213,-0.4633333333333333,-0.4711111111111111,-0.5555555555555556,-0.009959618294697523,-0.008706398852038392,-0.040298
1592167829.3795002,-0.003976678285937521,8.890739628843347,4.464819083228091,-0.4633333333333333,-0.4711111111111111,-0.5555555555555556,-0.011329702121262114,-0.0020827765523779816,-0.04715049023826462
1592167829.3895001,-0.12380723805836816,8.955168976720058,4.579934653876412,-0.4633333333333333,-0.4711111111111111,-0.5555555555555556,-0.0013176180959619073,-0.02227606055323732,-0.012266052903575752
1592167829.3995001,-0.02726852109618939,8.884809023357079,4.630174510262873,-0.4633333333333333,-0.4711111111111111,-0.5555555555555556,0.024095045841358933,-0.001195172645411898,0.024713383661562095
1592167829.4095001,0.04779983400463046,8.94081448381323,4.501684625245918,-0.4633333333333333,-0.4711111111111111,-0.5555555555555556,0.03810997452522488,-0.008252321961112988,0.043261403127941335
1592167829.4195,0.10127187406652745,8.878991346305861,4.434449688112081,-0.48172278890664044,-0.4578298376415004,-0.5627070105007306,0.04325966424565467,0.013051348609781667,0.03396841330054387
1592167829.4295,0.0372716184447365,8.862903552696578,4.122508455148542,-0.48333333333333334,-0.45666666666666667,-0.5633333333333334,0.031179327082341845,0.039403327082341844,0.022249972813364646
1592167829.4395,-0.030709841886461746,8.91228094291137,4.154711518778402,-0.48333333333333334,-0.45666666666666667,-0.5633333333333334,0.0032444851054860718,0.022401257831616797,0.017911419547917206
1592167829.4495,-0.01189729504501988,8.86864641619846,4.200185880763952,-0.48333333333333334,-0.45666666666666667,-0.5633333333333334,-0.011177206164449272,0.05457907061619816,0.014743629760844267
1592167829.4595,-0.04490718870372542,8.962434716786234,4.261666682995144,-0.48333333333333334,-0.45666666666666667,-0.5633333333333334,-0.02949835813822944,0.016413658203913436,0.04803537448037232
1592167829.4695,0.1637209486873092,8.857875015715088,4.315052655418771,-0.45997853945674166,-0.46931718001648715,-0.5711182646255305,-0.03331360633465488,0.0428632184685039,0.06124778153149611
1592167829.4795,0.2554513478759828,8.85486538653085,4.378118734056108,-0.45666666666666667,-0.4711111111111111,-0.5722222222222222,-0.04463691490919455,0.05703572413211619,0.04388141145058928
1592167829.4895,0.22673079381743222,8.89197096814595,4.33050518357904,-0.45666666666666667,-0.4711111111111111,-0.5722222222222222,-0.05260617788863576,0.08013227786325054,0.014260267281044124
1592167829.4995,0.129852145787326,8.91269633797975,4.355241934804448,-0.45666666666666667,-0.4711111111111111,-0.5722222222222222,-0.05657407913044008,0.06304096341801288,0.0036270623623200493
1592167829.5095,0.10043380257232051,8.909424884746532,4.3174692970595645,-0.45666666666666667,-0.4711111111111111,-0.5722222222222222,-0.066208,0.05743221548560848,0.0010748432202262567
1592167829.5195,0.09248095177928613,8.89233077991299,4.339551362838354,-0.4754812518950241,-0.48200376571700226,-0.5771734288612635,-0.07062836303201132,0.03634459104474192,-0.0016433576864269554
1592167829.5295,0.12855000480641116,8.875822640953496,4.369831092559161,-0.4777777777777778,-0.48333333333333334,-0.5777777777777777,-0.07308339002804956,0.052448835206962065,-0.006344418953605401
1592167829.5395,0.050864748990904235,8.915331000403231,4.316112561895393,-0.4777777777777778,-0.48333333333333334,-0.5777777777777777,-0.08603621259400801,0.02626256751465882,-0.015564661680463478
1592167829.5495,-0.04160637199268559,8.98039323956822,4.40091207359515,-0.4777777777777778,-0.48333333333333334,-0.5777777777777777,-0.09590994908888544,-0.02798987499505322,0.033835084857764215
1592167829.5595,0.23791654724847047,8.824252839532805,4.4210347652599475,-0.4777777777777778,-0.48333333333333334,-0.5777777777777777,-0.09300334019200207,0.01000887658447677,0.0485191015812296
1592167829.5695,0.29372748022780387,8.839777716236776,4.432569043409558,-0.46718592720009294,-0.4727414827556485,-0.5777777777777777,-0.1035,-0.015345552239239436,0.009709907875871646
1592167829.5795,0.25398407722566524,8.804951946692682,4.586649472061696,-0.46555555555555556,-0.4711111111111111,-0.5777777777777777,-0.09829881656237041,0.019254877430297915,-0.03336004436201404
1592167829.5895,0.06869650141205431,8.90820078819708,4.623353420190506,-0.46555555555555556,-0.4711111111111111,-0.5777777777777777,-0.09209702175789843,-0.01913079265841716,-0.03863421234255289
1592167829.5995,0.1090826906428412,8.914510040983343,4.827111156325919,-0.46555555555555556,-0.4711111111111111,-0.5777777777777777,-0.062347126167289005,0.0033518722841360607,-0.014088671473792145
1592167829.6095,0.2763864588356995,8.848841229790759,4.717375225802845,-0.46555555555555556,-0.4711111111111111,-0.5777777777777777,-0.03837407198176893,0.012404368253414079,-0.026597928018231073
1592167829.6195,0.27021005870758014,8.860845406109682,4.681223589615459,-0.44761304362845,-0.4663893974460833,-0.5834438341758111,-0.02260666785604036,0.014522907400478648,-0.05840124013269627
1592167829.6295,0.13381256888313744,8.843269096749664,4.720378920230025,-0.4444444444444444,-0.46555555555555556,-0.5844444444444444,-0.003351233737623485,0.032208661510630815,-0.09412370567944789
1592167829.6395,-0.2215326765402148,8.95181281101897,4.690357738852735,-0.4444444444444444,-0.46555555555555556,-0.5844444444444444,0.020162921969440445,-0.017982420345901674,-0.061888066363075006
1592167829.6495,-0.07304496336565305,8.912942629981488,4.706401362699558,-0.4444444444444444,-0.46555555555555556,-0.5844444444444444,0.04309048245036667,-0.005195325819313694,0.006756231002054328
1592167829.6595,0.020723563815907127,8.8782650302627,4.694086280512424,-0.4444444444444444,-0.46555555555555556,-0.5844444444444444,0.059770500929433354,-0.038543917725092816,0.008760657389189401
1592167829.6694999,0.03053218599003045,8.888924690668983,4.71820064221057,-0.45588244072162926,-0.4884315481099252,-0.5968356070780614,0.07975779891074761,-0.009073652348534855,0.05974739040759579
1592167829.6794999,0.16820937732638314,8.944769598868168,4.475416897502189,-0.4577777777777778,-0.4922222222222222,-0.5988888888888889,0.088242,-0.03476476329177798,0.14312062583019766
1592167829.6894999,0.5267011923357279,8.82826752104999,4.431170242326608,-0.4577777777777778,-0.4922222222222222,-0.5988888888888889,0.086121,0.015137512751930073,0.13512793200302609
1592167829.6994998,0.46688609717178,8.797543110518252,4.350955734354465,-0.4577777777777778,-0.4922222222222222,-0.5988888888888889,0.08160999126488228,0.04032698601449478,0.05214163685916352
1592167829.7094998,0.3354135618034745,8.891826227535997,4.406105157038415,-0.4577777777777778,-0.4922222222222222,-0.5988888888888889,0.07718554715911188,0.10997494542831324,0.05209259787955192
1592167829.7194998,0.40521740682444124,8.91213722495323,4.305776363596593,-0.4366759837446724,-0.4763958766973932,-0.5988888888888889,0.07103504686083499,0.10301663635303751,0.05005440825406473
1592167829.7294998,0.4052962930937887,8.917816,4.418018144695314,-0.4311111111111111,-0.4722222222222222,-0.5988888888888889,0.07696723326485058,0.12711165722807555,0.0408271580840616
1592167829.7394998,0.4106965915560765,8.975075787874598,4.317784453127302,-0.4311111111111111,-0.4722222222222222,-0.5988888888888889,0.0830004201930962,0.1509574646322961,0.03084265144061106
1592167829.7494998,0.36398258323908966,8.85653287780154,4.299469420396987,-0.4311111111111111,-0.4722222222222222,-0.5988888888888889,0.08338157350889827,0.17365896085967344,0.016159
1592167829.7594998,0.20461642426832768,8.960738200161266,4.157062370231937,-0.4311111111111111,-0.4722222222222222,-0.5988888888888889,0.06285107847371937,0.14299919693689556,0.028743695357422577
1592167829.7694998,0.24183396048216707,8.949803022160134,4.1013693657055255,-0.42821673778400826,-0.48018174887175513,-0.5988888888888889,0.04009128840721555,0.14645616031074138,0.06618640322913469
1592167829.7794998,0.36170907491346393,8.934075457796343,4.126675076990483,-0.4266666666666667,-0.48444444444444446,-0.5988888888888889,0.021762370327597175,0.14060712348680285,0.07429787651319715
1592167829.7894998,0.41430465547899703,8.881098026410958,4.171666036170825,-0.4266666666666667,-0.48444444444444446,-0.5988888888888889,0.009847682866015848,0.15826869386752765,0.0675103423440967
1592167829.7994998,0.42203102385016766,8.95046370616919,4.162948022132847,-0.4266666666666667,-0.48444444444444446,-0.5988888888888889,-0.004552899752055364,0.1697826383407633,0.07380345431344791
1592167829.8094997,0.41915074666543534,8.96566114667795,4.186153261913324,-0.4266666666666667,-0.48444444444444446,-0.5988888888888889,-0.015951732756278307,0.18114209224957478,0.07518336637813916
1592167829.8194997,0.45075209720968673,8.933975,4.31720509883413,-0.4211347625633933,-0.48128335638543107,-0.6186456892577225,-0.030340888962235527,0.18677391600718854,0.08962886507543923
1592167829.8294997,0.5258424073394724,8.905937403626472,4.480246030456992,-0.41888888888888887,-0.48,-0.6266666666666667,-0.023578012074978165,0.21118464095663886,0.08719164095663885
1592167829.8394997,0.3902768143954256,8.863957072684224,4.606300317496264,-0.41888888888888887,-0.48,-0.6266666666666667,-0.00703865376316293,0.19069291327930882,0.073685
1592167829.8494997,0.2602743830454521,8.911569838873966,4.519517630004459,-0.41888888888888887,-0.48,-0.6266666666666667,0.0014143765722114286,0.18621800715658737,0.08133766918438722
1592167829.8594997,0.2935713232362036,8.907443805091168,4.55939788512145,-0.41888888888888887,-0.48,-0.6266666666666667,0.011799348091994614,0.19720953989324827,0.08600353989324827
1592167829.8694997,0.35927811733883,8.920149759044147,4.546010526091096,-0.41515326256481133,-0.4868486482608088,-0.6241762491172816,0.02035157116996873,0.17929173062034287,0.06480163174148017
1592167829.8794997,0.32556883847381757,8.951979609649817,4.538980090407922,-0.4122222222222222,-0.4922222222222222,-0.6222222222222222,0.03449072597779411,0.17095838422395504,0.045661362436525375
1592167829.8894997,0.33098079721188883,8.909945826068158,4.511061692145744,-0.4122222222222222,-0.4922222222222222,-0.6222222222222222,0.049781885583820816,0.156128,0.04225477203167163
1592167829.8994997,0.34897065231753427,8.96312255640815,4.503524817131958,-0.4122222222222222,-0.4922222222222222,-0.6222222222222222,0.06446862761373964,0.14418358403723783,0.03842662437899099
1592167829.9094996,0.28892541462555565,8.974562211587095,4.606480112554109,-0.4122222222222222,-0.4922222222222222,-0.6222222222222222,0.08953366610375144,0.1080201151765937,0.0278162089723817
1592167829.9194996,0.2266422593777785,8.922819926659542,4.691179863757978,-0.4028656550647635,-0.49514614945892804,-0.6222222222222222,0.12296628244065455,0.12928917124033265,0.012113828759667352
1592167829.9294996,0.11891132605406586,8.963427344501579,4.432192206135714,-0.39444444444444443,-0.49777777777777776,-0.6222222222222222,0.13722764995784176,0.09886088741845499,0.028232212246373976
1592167829.9394996,0.17003979899103036,8.839300807188096,4.324549032346127,-0.39444444444444443,-0.49777777777777776,-0.6222222222222222,0.13196218180426997,0.07614499591421331,0.04596365082813129
1592167829.9494996,0.14896459745225893,8.828779014021627,4.0896537273660885,-0.39444444444444443,-0.49777777777777776,-0.6222222222222222,0.09440844786508448,0.06561163175969786,0.042764328722765435
1592167829.9594996,0.22442396147982496,8.84668997926643,4.1764470357323855,-0.39444444444444443,-0.49777777777777776,-0.6222222222222222,0.06452895987138392,0.03803624285194775,0.05224120272333168
1592167829.9694996,0.3772360927815809,8.867167199385793,4.14340831885295,-0.3808317577908966,-0.4924839551902869,-0.6373474296150532,0.03240331845617028,0.04171116244519627,0.03399124536835567
1592167829.9794996,0.4485131997508616,8.89282589243642,4.436563910669192,-0.37444444444444447,-0.49,-0.6444444444444445,0.018195195777745303,0.02808751996450347,0.02663884995808181
1592167829.9894996,0.5288210186405213,8.928439629772567,4.460225752549625,-0.37444444444444447,-0.49,-0.6444444444444445,0.025084607088265536,0.057229905351488565,0.009029185233493471
1592167829.9994996,0.4321792596139866,8.917483249617595,4.506501006746297,-0.37444444444444447,-0.49,-0.6444444444444445,0.03686274444822028,0.035376633088191674,-0.003134111360028604
1592167830.0094995,0.42422970820552397,8.95644278979083,4.4745116550232575,-0.37444444444444447,-0.49,-0.6444444444444445,0.046909796036532295,0.05724816442370997,0.000183
1592167830.0194995,0.3911967660843486,8.957840821080195,4.3841767996816845,-0.38682363334906633,-0.49,-0.6346442532282854,0.04965190526137066,0.03094578909266698,0.004630870131620876
1592167830.0294995,0.3626214460188355,8.922702252559167,4.390264318735486,-0.4011111111111111,-0.49,-0.6233333333333333,0.056814223027216455,0.025834651075222738,0.025962609389489542
1592167830.0394995,0.42793156637623025,8.935776,4.257754922027011,-0.4011111111111111,-0.49,-0.6233333333333333,0.057953155448927346,0.01940152258988896,0.038232807386953525
1592167830.0494995,0.5121302515927476,8.928022096564439,4.303924440656216,-0.4011111111111111,-0.49,-0.6233333333333333,0.057358,0.013970791523373107,0.021888343667204893
1592167830.0594995,0.48385806886074695,8.916954141840758,4.343024141217488,-0.4011111111111111,-0.49,-0.6233333333333333,0.048125279986915084,0.012665859656893175,0.0037372799869150857
1592167830.0694995,0.5312309591759817,8.998538155059736,4.444339903588851,-0.38196810093435696,-0.5014858061060525,-0.6182285306195322,0.05746019329910823,0.008873425241321547,0.02722992435792743
1592167830.0794995,0.8416453130869005,8.9396393877992,4.3849512784020614,-0.36777777777777776,-0.51,-0.6144444444444445,0.07184870916107546,0.09577488420715784,0.028616768414315666
1592167830.0894995,0.7344976140202651,8.926088365128203,4.338803725082015,-0.36777777777777776,-0.51,-0.6144444444444445,0.06755918532926838,0.041253674235372885,-0.00038759619570547573
1592167830.0994995,0.5870654525086418,8.91764959756408,4.463102511541721,-0.36777777777777776,-0.51,-0.6144444444444445,0.08314148327753802,0.10032526912611667,-0.02310127871377686
1592167830.1094995,0.4381597018006621,9.004719726673311,4.375736004652973,-0.36777777777777776,-0.51,-0.6144444444444445,0.09159948683518772,0.06358569659331159,-0.019950301351885795
1592167830.1194994,0.4339682126657713,8.974075,4.352116875108663,-0.36777777777777776,-0.4960660175346451,-0.6080580358144901,0.103688813671771,0.059725698963827435,-0.006745085098257105
1592167830.1294994,0.46787076190895704,8.936106580927499,4.225272390346805,-0.36777777777777776,-0.48333333333333334,-0.6022222222222222,0.09907178428348672,0.05789935577825177,0.009096435985366476
1592167830.1394994,0.48596146453277234,8.966180263435787,4.121281683344812,-0.36777777777777776,-0.48333333333333334,-0.6022222222222222,0.08373969528326482,0.065582,0.016776689515261616
1592167830.1494994,0.43187811423677347,8.998084184183543,4.2303997533668,-0.36777777777777776,-0.48333333333333334,-0.6022222222222222,0.07367112359311957,0.06496371910172011,0.04890997787426731
1592167830.1594994,0.6160308199357276,9.027596279386591,4.303736178859842,-0.36777777777777776,-0.48333333333333334,-0.6022222222222222,0.07863262676978841,0.07955327367875316,0.054810651675204526
1592167830.1694994,0.5192414533045174,8.975172994686071,4.319425543464401,-0.3628947983759539,-0.490469995535999,-0.6052271326233446,0.08954271898861768,0.08553053456616272,0.011678745454024328
1592167830.1794994,0.2718735838115679,9.029827868069214,4.357355452900742,-0.35333333333333333,-0.5044444444444445,-0.6111111111111112,0.10003222622935713,0.06378646905967056,0.023382771376577446
1592167830.1894994,0.39045041390422147,8.992663801362314,4.314455637990517,-0.35333333333333333,-0.5044444444444445,-0.6111111111111112,0.11513908848046553,0.055667889502786005,0.020262159000685467
1592167830.1994994,0.3009704870466668,8.969489885401051,4.2088248169017,-0.35333333333333333,-0.5044444444444445,-0.6111111111111112,0.11199337361652185,0.037288469407163835,-0.02309467613591613
1592167830.2094994,0.20040037186159235,8.959881693145322,4.211441362247249,-0.35333333333333333,-0.5044444444444445,-0.6111111111111112,0.10870579005053686,0.018404524463089236,-0.021636265587447627
1592167830.2194993,0.17364427880372457,8.97229687308622,4.113762065604953,-0.3509648088603073,-0.5044444444444445,-0.6011633083244016,0.09638862918670432,-0.007233597681872758,-0.012066327145156888
1592167830.2294993,0.1551003272383491,8.986778571171643,4.0587033930272325,-0.3477777777777778,-0.5044444444444445,-0.5877777777777777,0.08270000131165299,-0.008555801778837274,0.010637491699005337
1592167830.2394993,0.29875066992603244,8.981183369919762,4.002070964735557,-0.3477777777777778,-0.5044444444444445,-0.5877777777777777,0.0645206610338073,0.013095863908042503,0.021250287597205663
1592167830.2494993,0.3137146931950602,8.993474017024838,3.9820464072683452,-0.3477777777777778,-0.5044444444444445,-0.5877777777777777,0.039638256728094616,-0.023736085603345426,0.009924914396654574
1592167830.2594993,0.2872787103041611,9.013233685446403,4.024106725440045,-0.3477777777777778,-0.5044444444444445,-0.5877777777777777,0.023217453046271347,-0.023763852289992827,0.011705056555716761
1592167830.2694993,0.44351110365405544,9.022868902315116,4.07705548537508,-0.3477777777777778,-0.5068634839382413,-0.5785854277013496,0.008057590902186286,-0.026519911670400974,0.011133023381651383
1592167830.2794993,0.4336175059475577,8.971020113376488,4.025164138963447,-0.3477777777777778,-0.51,-0.5666666666666667,-0.0038537543114201766,-0.06489446728462953,-0.01730801183440628
1592167830.2894993,0.39595482795049053,8.984116115795338,4.087888702125982,-0.3477777777777778,-0.51,-0.5666666666666667,-0.02070401894664573,-0.07691670670809013,0.016818190939523282
1592167830.2994993,0.682226714397412,8.978277450894367,4.086955788791746,-0.3477777777777778,-0.51,-0.5666666666666667,-0.036459383096435156,-0.06525638805826975,0.040624653643535166
1592167830.3094993,0.8531467507691776,8.967914914733505,4.135284959513793,-0.3477777777777778,-0.51,-0.5666666666666667,-0.04906442924596628,-0.05473707377116283,0.0364212950760223
1592167830.3194993,0.9290029753710521,8.99727874594833,4.316951322905356,-0.34021621331616503,-0.51,-0.5678299842761455,-0.05032901855054199,-0.05435530337910079,0.06546385010513217
1592167830.3294992,1.146048052954386,8.997587779606652,4.456217825614797,-0.3333333333333333,-0.51,-0.5688888888888889,-0.030836261358709326,-0.002056148249250697,0.073685
1592167830.3394992,1.2158884245851103,8.982084273436794,4.434172117406288,-0.3333333333333333,-0.51,-0.5688888888888889,-0.010581409605018358,0.015754687863868515,0.05362933465643256
1592167830.3494992,1.2626407502496049,8.985022257254244,4.434452615804324,-0.3333333333333333,-0.51,-0.5688888888888889,0.015165004550619986,0.06096197097722719,0.030129309880617773
1592167830.3594992,1.251837350492867,8.965360168854103,4.2597457540485975,-0.3333333333333333,-0.51,-0.5688888888888889,0.030960703241079395,0.09450400551055065,0.0008599721025701786
1592167830.3694992,1.078848109744321,8.983061691458232,4.070449444737083,-0.34178887718770373,-0.5128185146181234,-0.5726469083797201,0.028982823255607523,0.10529107696670355,-0.028575960962719825
1592167830.3794992,0.8429050555424278,9.035066853146638,4.0141584041146,-0.35333333333333333,-0.5166666666666667,-0.5777777777777777,0.017357031380844917,0.10757229691219139,-0.024840444420646472
1592167830.3894992,0.7219916375627626,9.045632362437237,3.934072996841174,-0.35333333333333333,-0.5166666666666667,-0.5777777777777777,-6.177847435523496e-05,0.10205649912371208,0.017896069732501498
1592167830.3994992,0.7918364637593132,9.029721735361674,3.8791527649269812,-0.35333333333333333,-0.5166666666666667,-0.5777777777777777,-0.020839860410858127,0.11454072307690358,0.04618884446248005
1592167830.4094992,0.7866888569419345,9.010191215032362,3.951773193393992,-0.35333333333333333,-0.5166666666666667,-0.5777777777777777,-0.044264514337632406,0.12232241982265302,0.04069152499348711
1592167830.4194992,0.6168119935615365,8.997785677059678,4.012104665524256,-0.35946698413972383,-0.5131156056734932,-0.5790690726843862,-0.05634050972444513,0.1324061920147257,0.03282386231488181
1592167830.4294991,0.509299540834982,9.01576046446187,4.095198890462978,-0.37444444444444447,-0.5044444444444445,-0.5822222222222222,-0.06577940190896635,0.13486032318505184,0.016297324459194115
1592167830.4394991,0.3062848778722495,8.98692244065962,4.177551700655638,-0.37444444444444447,-0.5044444444444445,-0.5822222222222222,-0.07501582728957373,0.13735235510719648,-0.011459806741466827
1592167830.4494991,0.07417158177975057,9.03584838911296,4.35240557192826,-0.37444444444444447,-0.5044444444444445,-0.5822222222222222,-0.06982936526282285,0.10584214109651838,-0.025596271647554444
1592167830.4594991,-0.02079291554588885,8.995868946686045,4.443558687254743,-0.37444444444444447,-0.5044444444444445,-0.5822222222222222,-0.048852315844431816,0.07728566677700503,-0.025375
1592167830.469499,-0.08966130919487496,9.014254725044962,4.478276944841812,-0.368982058244157,-0.5044444444444445,-0.5749390406218389,-0.02611406201753306,0.034669986551175355,-0.020444341814724504
1592167830.479499,-0.16031407659992278,8.982920181465428,4.403915181872153,-0.3477777777777778,-0.5044444444444445,-0.5466666666666666,-0.004816853741119958,-0.0056639392382822245,-0.012510842987931876
1592167830.489499,-0.13191719045793643,9.001555872667613,4.432304769790914,-0.3477777777777778,-0.5044444444444445,-0.5466666666666666,0.01256115622389754,-0.03184704880327601,-0.002478304039497881
1592167830.499499,-0.000339517746839968,8.986607922667849,4.38722722185415,-0.3477777777777778,-0.5044444444444445,-0.5466666666666666,0.02777841871962737,-0.05332228656765392,0.003387
1592167830.509499,0.08751037816946605,8.997213771120476,4.291513440933327,-0.3477777777777778,-0.5044444444444445,-0.5466666666666666,0.03804078572846675,-0.0694371590295194,-0.0022754841778570216
1592167830.519499,0.19597770573556172,8.996180118875495,4.301571137753904,-0.3477777777777778,-0.5056689351323709,-0.5594013698211016,0.044186524414734696,-0.06670523779263265,-0.01565686769478337
1592167830.529499,0.24034652190187292,9.009417884703776,4.385421142018298,-0.3477777777777778,-0.51,-0.6044444444444445,0.0557116508724657,-0.05848502625326527,-0.032421528963304434
1592167830.539499,0.11858712447636664,9.020564073893036,4.2332280170589724,-0.3477777777777778,-0.51,-0.6044444444444445,0.06701236921308096,-0.05630903653956279,-0.04995301340365411
1592167830.549499,-0.09869273589436386,9.00205134594304,4.088632519547146,-0.3477777777777778,-0.51,-0.6044444444444445,0.06910047535409658,-0.0643531987411777,-0.05062473501176307
1592167830.559499,-0.1257597506179376,9.009898539407095,4.006542570271794,-0.3477777777777778,-0.51,-0.6044444444444445,0.05620169047375177,-0.07160795485269782,-0.03977939982085258
1592167830.569499,-0.1579778657313571,9.024874489089937,3.9092873600162648,-0.3486740708266355,-0.508028155292513,-0.6001422378099274,0.0389373046725661,-0.07988084965467329,-0.02866159058069212
1592167830.579499,-0.028567183754900444,9.027535850358298,3.8881461261419172,-0.35333333333333333,-0.49777777777777776,-0.5777777777777777,0.016107899934731947,-0.07956266247583718,-0.017664314996611516
1592167830.589499,0.031874896681255545,9.03366298219402,4.026031010610259,-0.35333333333333333,-0.49777777777777776,-0.5777777777777777,0.00018932623337698546,-0.06592149947617895,-0.018997
1592167830.599499,0.12258901234021918,9.034688296642125,4.103098590695074,-0.35333333333333333,-0.49777777777777776,-0.5777777777777777,-0.00975,-0.04079534423905372,-0.023430347891073518
1592167830.609499,0.07166899407842903,9.0372344087056,4.255136660339303,-0.35333333333333333,-0.49777777777777776,-0.5777777777777777,-0.006931976295025738,-0.018047846230875516,-0.034973
1592167830.619499,-0.06523563325917621,9.000612716367794,4.310704766681322,-0.3531893715630478,-0.49777777777777776,-0.5774113296352328,0.002701453120007235,-0.009949318228752965,-0.032689923782920065
1592167830.629499,-0.15015151981794875,9.006667178523843,4.274096073244564,-0.3411111111111111,-0.49777777777777776,-0.5466666666666666,0.013213737936148606,0.0010722422912982147,-0.02667858507426462
1592167830.639499,-0.2024616259089359,9.017127452272094,4.245269156362062,-0.3411111111111111,-0.49777777777777776,-0.5466666666666666,0.019283631062127958,0.004070631062127956,-0.009832604706708836
1592167830.649499,-0.12821492851928926,9.012464531394247,4.274747632448379,-0.3411111111111111,-0.49777777777777776,-0.5466666666666666,0.025620045324317744,0.009125,0.0004685024232190987
1592167830.659499,-0.05400069210910411,9.052617066193253,4.15346816619795,-0.3411111111111111,-0.49777777777777776,-0.5466666666666666,0.028478246856140626,0.006872219429985152,0.008713
1592167830.669499,0.024982789542417415,9.053709398058656,4.042518509464453,-0.3411111111111111,-0.49777777777777776,-0.5466666666666666,0.022211519555561745,0.002731,0.0076497597777808735
1592167830.679499,0.07675652256212971,9.044613370119379,4.003854544618231,-0.3411111111111111,-0.49,-0.5688888888888889,0.010677863940832597,0.0006275535255450047,-0.0007226895847124073
1592167830.689499,0.06850246859267894,9.033778607460466,3.939144121222777,-0.3411111111111111,-0.49,-0.5688888888888889,-0.004891222415052342,-0.000458,-0.007036610906770292
1592167830.699499,0.04592603665708791,9.037894706667453,3.956583700707014,-0.3411111111111111,-0.49,-0.5688888888888889,-0.0218343477000148,-0.0037501410214216815,-0.01339381487142908
1592167830.709499,0.0038882006938323124,9.036208379664126,4.009435979886361,-0.3411111111111111,-0.49,-0.5688888888888889,-0.035813954451241685,-0.006388889220457437,-0.016861
1592167830.7194989,-0.04334205072341521,9.034712640082443,4.19430817917404,-0.3411111111111111,-0.49,-0.5688888888888889,-0.04143040838878056,0.0029386475570772758,-0.013515290141968148
1592167830.7294989,-0.06809351714736733,9.026130996082085,4.210635977459013,-0.3477777777777778,-0.51,-0.5966666666666667,-0.03600768003991872,-0.0022509554697518453,-0.010980157774794646
