time,acc_x,acc_y,acc_z,mag_x,mag_y,mag_z,gyr_x,gyr_y,gyr_z
1592167909.9394233,0.09188554238441428,8.479057228807793,4.748484940729864,-0.3377777777777778,-0.3511111111111111,-0.6466666666666666,-0.029349590743673267,0.0059683558311374955,-0.01885264445363288
1592167909.9494233,0.10690649285535223,8.471546753572325,4.816079217849085,-0.3377777777777778,-0.3511111111111111,-0.6466666666666666,-0.02853032498587058,0.010064684620150931,-0.02131044172704094
1592167909.9594233,0.09,8.47,4.87,-0.34444444444444444,-0.3466666666666667,-0.6466666666666666,-0.02181661564992912,0.02181661564992912,-0.031634092692397225
1592167909.9694233,0.0819213897174943,8.437685558869978,4.918471661695034,-0.34444444444444444,-0.3466666666666667,-0.6466666666666666,-0.007716780808409741,0.02269785532752408,-0.03956524979075188
1592167909.9794233,0.04607655162618946,8.411569379349524,4.8615693793495245,-0.34444444444444444,-0.3466666666666667,-0.6466666666666666,0.011529404346343383,0.029195642031823017,-0.054049882898682684
1592167909.9894233,-0.0016466214738683576,8.432744369123114,4.88,-0.34444444444444444,-0.3466666666666667,-0.6466666666666666,0.033370405236852,0.025820701701751884,-0.06132601520524358
1592167909.9994233,-0.024576317515853922,8.470960529193091,4.88,-0.34444444444444444,-0.3466666666666667,-0.6466666666666666,0.05754907623687418,0.020818218046574882,-0.0646610043086949
1592167910.0094233,0.0,8.49,4.84,-0.34444444444444444,-0.3511111111111111,-0.6322222222222222,0.09817477042468103,0.007635815477475192,-0.06763150851478027
1592167910.0194232,0.025156420452546006,8.49,4.806458106063272,-0.34444444444444444,-0.3511111111111111,-0.6322222222222222,0.09817477042468103,0.007635815477475192,-0.06763150851478027
1592167910.0294232,0.02564789234471081,8.476611264593174,4.711694367703413,-0.34444444444444444,-0.3511111111111111,-0.6322222222222222,0.10728920066035702,0.009324605456401173,-0.07024443271758174
1592167910.0394232,0.11909544603867749,8.420542732376793,4.739728633811604,-0.34444444444444444,-0.3511111111111111,-0.6322222222222222,0.13175371300876565,0.001169768006931634,-0.07737991548586759
1592167910.0494232,0.24478819924292497,8.411680786717138,4.764957639848585,-0.34444444444444444,-0.3511111111111111,-0.6322222222222222,0.13289801007558105,-0.016151391694191452,-0.032982201275263766
1592167910.0594232,0.55,8.5,4.69,-0.3377777777777778,-0.3511111111111111,-0.64,0.16035212502697901,-0.02181661564992912,0.01308996938995747
1592167910.0694232,0.3700497532082922,8.529991707798617,4.670005528134254,-0.3377777777777778,-0.3511111111111111,-0.64,0.1712574177224362,-0.006549205876289085,-0.014173262348685442
1592167910.0794232,0.44453118983442436,8.491510396611474,4.515468810165575,-0.3377777777777778,-0.3511111111111111,-0.64,0.15028750991687467,-0.0010283505826903922,-0.004979776933282458
1592167910.0894232,0.503311003527734,8.520595211288748,4.457351197177813,-0.3377777777777778,-0.3511111111111111,-0.64,0.1473343905284017,0.014606902108940242,0.01432526995521419
1592167910.0994232,0.5426630638745028,8.64652180439841,4.425869548900398,-0.3377777777777778,-0.3511111111111111,-0.64,0.14819291930401995,0.03263600639692391,0.01604232750645073
1592167910.1094232,0.42,8.76,4.4,-0.3111111111111111,-0.36444444444444446,-0.6533333333333333,0.11671889372712078,0.07090400086226964,0.008726646259971648
1592167910.1194232,0.3678244116202637,8.707824411620264,4.347824411620263,-0.3111111111111111,-0.36444444444444446,-0.6533333333333333,0.07592999823249291,0.10315568567197542,0.006829488329988955
1592167910.1294231,0.3695317220543807,8.642809667673717,4.292341389728096,-0.3111111111111111,-0.36444444444444446,-0.6533333333333333,0.04381943051197622,0.13710523578308176,0.017982230104809403
1592167910.1394231,0.29482379991553653,8.64,4.318191075031674,-0.3111111111111111,-0.36444444444444446,-0.6533333333333333,0.028191610713793842,0.14981112993699616,0.03084480027692656
1592167910.1494231,0.22148152445037417,8.64761316394996,4.380905311599668,-0.3111111111111111,-0.36444444444444446,-0.6533333333333333,0.0056786182315133014,0.14638231119010744,0.044091103075607666
1592167910.159423,0.10006656244078076,8.609334375592193,4.470465937085465,-0.31777777777777777,-0.35888888888888887,-0.6322222222222222,-0.04362597046392206,0.12306783585182283,0.07649611065753921
1592167910.169423,0.11001563585823489,8.510012161223072,4.539996525364836,-0.31777777777777777,-0.35888888888888887,-0.6322222222222222,-0.042534061991574806,0.09380765705570114,0.09708375013023487
1592167910.179423,0.19199248610145936,8.573771933634468,4.521779447533008,-0.31777777777777777,-0.35888888888888887,-0.6322222222222222,0.0011837863938262902,0.07393590778960972,0.0960901626669303
1592167910.189423,0.24716247538818134,8.646027465543455,4.59545996062109,-0.31777777777777777,-0.35888888888888887,-0.6322222222222222,0.012656633102984637,0.06067665005969096,0.08981955526782896
1592167910.199423,0.28766236232434483,8.612337637675655,4.660259779718952,-0.31777777777777777,-0.35888888888888887,-0.6322222222222222,-0.0008783404261187757,0.05260070548761765,0.08040980604842475
1592167910.209423,0.34,8.51,4.73,-0.3233333333333333,-0.36444444444444446,-0.6533333333333333,-0.002181661564992912,0.05017821599483697,0.05890486225480862
1592167910.219423,0.5486561659623511,8.51,4.845920092201307,-0.3233333333333333,-0.36444444444444446,-0.6533333333333333,0.02142219001316935,0.04596324249873657,0.029400047782105785
1592167910.229423,0.4799465723173367,8.45,4.859038301712061,-0.3233333333333333,-0.36444444444444446,-0.6533333333333333,0.054850426097521734,0.03484247642291134,0.008674193755173715
1592167910.239423,0.4699706322084579,8.450205574540794,4.679892318097679,-0.3233333333333333,-0.36444444444444446,-0.6533333333333333,0.11241536980705395,0.02290103937421997,-0.001120730387455956
1592167910.249423,0.4475747543784707,8.606976719350705,4.597774099387726,-0.3233333333333333,-0.36444444444444446,-0.6533333333333333,0.1580182472912832,0.018015016786623976,-0.02392216912957058
1592167910.259423,0.4231796145921706,8.62635922918434,4.595230578111744,-0.3354813894612101,-0.3532308541725582,-0.6533333333333333,0.14408498373483336,0.0035187258140267144,-0.0187903567689771
1592167910.269423,0.5592604539740518,8.550369773012973,4.591296221626622,-0.3377777777777778,-0.3511111111111111,-0.6533333333333333,0.11005246125592616,-0.016948433027548584,0.012120586383676909
1592167910.279423,0.6686507242150287,8.54,4.457023913677458,-0.3377777777777778,-0.3511111111111111,-0.6533333333333333,0.14159067328196842,-0.022536042250866924,0.015395432348803268
1592167910.289423,0.6536213729653221,8.707064637886294,4.3344854918612885,-0.3377777777777778,-0.3511111111111111,-0.6533333333333333,0.1643952498218244,-0.022907446432425576,0.013353323063655718
1592167910.299423,0.6345327397202739,8.737733630139862,4.32,-0.3377777777777778,-0.3511111111111111,-0.6533333333333333,0.14833772972454673,-0.022063838250725075,0.010559144844855966
1592167910.309423,0.66,8.68,4.33,-0.3322222222222222,-0.36444444444444446,-0.6677777777777778,0.10799224746714915,-0.022907446432425576,0.008726646259971648
1592167910.319423,0.692922016437526,8.671769495890619,4.33,-0.3322222222222222,-0.36444444444444446,-0.6677777777777778,0.09183169043879066,-0.02200963770862788,0.007828837536173954
1592167910.329423,0.743868879472693,8.652452448210923,4.268583568738229,-0.3322222222222222,-0.36444444444444446,-0.6677777777777778,0.07400123614548079,-0.01703126323768507,0.012421167889719236
1592167910.339423,0.7586944378698225,8.658694437869823,4.29477775147929,-0.3322222222222222,-0.36444444444444446,-0.6677777777777778,0.06345908722635134,-0.0011878049935983882,0.01308996938995747
1592167910.349423,0.76,8.66,4.334532544603075,-0.3322222222222222,-0.36444444444444446,-0.6677777777777778,0.05389013881908538,0.014651729336844353,0.015350119149015453
1592167910.359423,0.7512377337846616,8.76514719458406,4.174754675693234,-0.3380637330324478,-0.3527614228239933,-0.643438149401838,0.030106101599385468,0.04079789926288417,0.017318276708658816
1592167910.369423,0.7673580034423408,8.78,4.14132099827883,-0.3388888888888889,-0.3511111111111111,-0.64,0.004549196189309664,0.061621143553563774,0.030707543654252642
1592167910.379423,0.78711333854648,8.78855666927324,4.08010331508732,-0.3388888888888889,-0.3511111111111111,-0.64,-0.02971096740584628,0.07649305787785016,0.042992189537674586
1592167910.389423,0.7815678065760384,8.663517098640575,4.2808048355990405,-0.3388888888888889,-0.3511111111111111,-0.64,-0.04778391965103671,0.09509638941122356,0.023568440935465198
1592167910.399423,0.6548388482222887,8.64,4.372699432327458,-0.3388888888888889,-0.3511111111111111,-0.64,-0.05951971748280487,0.11470204228800886,0.0059819903717523455
1592167910.4094229,0.5986813630194769,8.613955910941568,4.408681363019477,-0.3331013135425709,-0.3626862618037471,-0.6457875753463179,-0.0747759039845299,0.1355747458424729,0.011220036637876926
1592167910.4194229,0.38688780644901577,8.615197858379291,4.446385008655047,-0.3322222222222222,-0.36444444444444446,-0.6466666666666666,-0.09280110815200054,0.14594965447933722,0.03860489704430877
1592167910.4294229,0.2947334903602896,8.698550117770218,4.4363610456832125,-0.3322222222222222,-0.36444444444444446,-0.6466666666666666,-0.1060881388797608,0.16047152038785945,0.08121844047618128
1592167910.4394228,0.20300930320865768,8.638672868805772,4.456747674197835,-0.3322222222222222,-0.36444444444444446,-0.6466666666666666,-0.0844139825603537,0.1760315489970681,0.03633789917275786
1592167910.4494228,0.05307675992518751,8.622793513680273,4.431174054721092,-0.3322222222222222,-0.36444444444444446,-0.6466666666666666,-0.09281778864291108,0.1707304661468443,0.018751676243104098
1592167910.4594228,-0.02692634607211743,8.655901794762823,4.3392209617836475,-0.3451867592199084,-0.359458084060719,-0.6656148361248234,-0.09610487007033064,0.13567864463327417,0.03376219160953274
1592167910.4694228,0.16215357566340927,8.64078464243366,4.387646072699023,-0.3466666666666667,-0.35888888888888887,-0.6677777777777778,-0.10158262980103235,0.10753637056369017,0.04997121817574362
1592167910.4794228,0.4560515306122449,8.579258673469388,4.46228443877551,-0.3466666666666667,-0.35888888888888887,-0.6677777777777778,-0.11394478860704242,0.09012143389974216,0.06703906495969482
1592167910.4894228,0.5589788368685291,8.5441329361743,4.564845900694228,-0.3466666666666667,-0.35888888888888887,-0.6677777777777778,-0.10434142715507538,0.10919973679642006,0.07624676315697602
1592167910.4994228,0.45672832143904585,8.575397399550297,4.6437153191905365,-0.3466666666666667,-0.35888888888888887,-0.6677777777777778,-0.08168730410777948,0.1447901319589598,0.07667673409625254
1592167910.5094228,0.24065153320373736,8.56459772998056,4.653065153320374,-0.33443594406471433,-0.35230311518014534,-0.6856534492729388,-0.055536262975018034,0.18310908373622833,0.07266354436375307
1592167910.5194228,0.15075007878978883,8.55407500787898,4.620375039394895,-0.3322222222222222,-0.3511111111111111,-0.6888888888888889,-0.04460408100983933,0.18891552734772218,0.07522641354059549
1592167910.5294228,0.0931007834853063,8.600697649544081,4.490155092654491,-0.3322222222222222,-0.3511111111111111,-0.6888888888888889,-0.027287687546577184,0.17966575408851812,0.06731018349138318
1592167910.5394228,-0.07983437096205803,8.567541407259485,4.47,-0.3322222222222222,-0.3511111111111111,-0.6888888888888889,-0.023236502399705136,0.15372154477664876,0.0793443889326375
1592167910.5494227,-0.04258241445408134,8.580225275663775,4.483483517109184,-0.3322222222222222,-0.3511111111111111,-0.6888888888888889,-0.019965799328622524,0.12443981681968855,0.10019760308600326
1592167910.5594227,0.015519313304721028,8.658051502145923,4.634609442060086,-0.32560610395803524,-0.3350433953266571,-0.6709308536003815,-0.012048764385548836,0.10400439484684665,0.09794817724926116
1592167910.5694227,0.02,8.585815860372497,4.744184139627504,-0.3244444444444444,-0.3322222222222222,-0.6677777777777778,-0.022642224329321226,0.09896690157508005,0.08476936263812956
1592167910.5794227,-0.016082999821560588,8.42505060032119,4.80391700017844,-0.3244444444444444,-0.3322222222222222,-0.6677777777777778,-0.03127416219076236,0.09647669595439856,0.06018669756571436
1592167910.5894227,-0.03,8.451763359870334,4.760420937216952,-0.3244444444444444,-0.3322222222222222,-0.6677777777777778,0.01571962195419751,0.100310514862299,0.04595264424697601
1592167910.5994227,-0.01819541717417783,8.552632079780755,4.702781668696711,-0.3244444444444444,-0.3322222222222222,-0.6677777777777778,0.06511377872683036,0.10466646335240436,0.02644639761619201
1592167910.6094227,-0.07050589552730387,8.643614386404058,4.535542454383769,-0.33415526718339444,-0.3322222222222222,-0.6774886005167278,0.09789087131252483,0.10103459949676843,-0.006728933499615515
1592167910.6194227,-0.15074763390260668,8.651542061016233,4.393878549146089,-0.3388888888888889,-0.3322222222222222,-0.6822222222222222,0.09607976741468738,0.07049622982476897,-0.015608056479949159
1592167910.6294227,-0.08318661257606491,8.65512089249493,4.292944827586207,-0.3388888888888889,-0.3322222222222222,-0.6822222222222222,0.09043345634333276,0.047574560014351716,-0.006892590203964927
1592167910.6394227,0.0829140461215933,8.590314465408806,4.380342417889588,-0.3388888888888889,-0.3322222222222222,-0.6822222222222222,0.08195256924906463,0.024630974314483217,-0.0005983942447657009
1592167910.6494226,0.05139132821075741,8.576512074643249,4.456048298572997,-0.3388888888888889,-0.3322222222222222,-0.6822222222222222,0.06651433494719608,0.021486732136671412,-0.001090830782496456
1592167910.6594226,0.04828579795021962,8.65071449487555,4.51242869692533,-0.34753177159590043,-0.3424365381486904,-0.6908651049292337,0.05119110747691494,0.030753666078694446,0.009708425906554694
1592167910.6694226,0.09443807141624978,8.68,4.55066284284975,-0.3511111111111111,-0.3466666666666667,-0.6944444444444444,0.04273729925515214,0.05068435056396235,0.0029109676552569515
1592167910.6794226,0.03570064085250571,8.598946153657279,4.451928204876372,-0.3511111111111111,-0.3466666666666667,-0.6944444444444444,0.018993531550027545,0.07918123887465349,-0.01618086641480275
1592167910.6894226,-0.1592678752229883,8.518451858637482,4.393075309772914,-0.3511111111111111,-0.3466666666666667,-0.6944444444444444,0.006460546682284166,0.09700178942366765,-0.028950378639592194
1592167910.6994226,-0.298252476720949,8.599276329775925,4.327952293890046,-0.3511111111111111,-0.3466666666666667,-0.6944444444444444,0.012222508693285367,0.08952706434038901,-0.02283523147735321
1592167910.7094226,-0.4067202104825867,8.651659973689677,4.26497992106903,-0.3511111111111111,-0.3401799795364152,-0.6888844269042289,0.018181973222673047,0.05106168847827201,0.011658891243676032
1592167910.7194226,-0.26283712226778677,8.659525022892861,4.250474977107139,-0.3511111111111111,-0.3388888888888889,-0.6877777777777778,0.004517369265492248,0.027060742183976364,0.02888249951301163
1592167910.7294226,-0.0019446601256440932,8.656453024634715,4.246773487682643,-0.3511111111111111,-0.3388888888888889,-0.6877777777777778,-0.03159674865840902,0.0017248323822053446,0.05549015458613121
1592167910.7394226,0.10623823552415465,8.679439215788513,4.301518627629898,-0.3511111111111111,-0.3388888888888889,-0.6877777777777778,-0.07115628231993124,0.006937469916170006,0.07502263572016434
1592167910.7494226,0.16539371465653102,8.660505237786225,4.461574858626124,-0.3511111111111111,-0.3388888888888889,-0.6877777777777778,-0.0908209711598902,0.03426956089682011,0.0815610747949533
1592167910.7594225,0.13732912653603455,8.679503155097974,4.494161408170043,-0.3620842097494372,-0.32645271043211926,-0.6921670172331083,-0.09923850252151467,0.08358748996728488,0.07572126320529698
1592167910.7694225,0.058352114382648736,8.679340845753059,4.480659154246941,-0.36777777777777776,-0.32,-0.6944444444444444,-0.10148321405931919,0.11162425268612648,0.06861448543583032
1592167910.7794225,-0.020891184777761262,8.64,4.449934344185125,-0.36777777777777776,-0.32,-0.6944444444444444,-0.10432374046587847,0.14628286191015571,0.062177354602297986
1592167910.7894225,-0.11326364582347932,8.607730110680162,4.403546022136033,-0.36777777777777776,-0.32,-0.6944444444444444,-0.1068318144367297,0.1538071403320003,0.06710549300879448
1592167910.7994225,-0.18543117269812187,8.595143724232708,4.379425103069171,-0.36777777777777776,-0.32,-0.6944444444444444,-0.12314176583736633,0.14202418159960914,0.08664596826890339
1592167910.8094225,-0.17754108959744105,8.58877054479872,4.388073638003199,-0.36777777777777776,-0.3268624448452263,-0.681343413376285,-0.15398141639025126,0.11558789964429897,0.1221371902014198
1592167910.8194225,0.04040924244165997,8.593360616162776,4.450081848488332,-0.36777777777777776,-0.3322222222222222,-0.6711111111111111,-0.18438611538213037,0.09124087866120771,0.15347626711637835
1592167910.8294225,0.10852224867240431,8.574817798937923,4.482591100531038,-0.36777777777777776,-0.3322222222222222,-0.6711111111111111,-0.2123057125645423,0.09126544305486738,0.14702145776247327
1592167910.8394225,0.023462721615592333,8.535804626042033,4.592830339321358,-0.36777777777777776,-0.3322222222222222,-0.6711111111111111,-0.22428013687945753,0.10677915449550497,0.1200603682818959
1592167910.8494225,-0.030703115012570843,8.466484424937146,4.718867132569139,-0.36777777777777776,-0.3322222222222222,-0.6711111111111111,-0.21070079640509526,0.11687228962699031,0.1050734256360711
1592167910.8594224,-0.12400102738626514,8.478154557421261,4.744153530034995,-0.37208552277194523,-0.32719651972902686,-0.6991114535731995,-0.18584384613884125,0.11326173028077426,0.08773617789990085
1592167910.8694224,-0.24734605587676384,8.544032264585775,4.767126106820847,-0.37444444444444447,-0.3244444444444444,-0.7144444444444444,-0.17585887581783644,0.10072430566277478,0.06714367124129168
1592167910.8794224,-0.21505344891772588,8.540665851193959,4.816944104664149,-0.37444444444444447,-0.3244444444444444,-0.7144444444444444,-0.16763643575993759,0.047899265527953594,0.034221733825326645
1592167910.8894224,-0.09571632216678547,8.45000712758375,4.809522451888809,-0.37444444444444447,-0.3244444444444444,-0.7144444444444444,-0.16819553267760215,0.022804816594015363,0.023583870367401998
1592167910.8994224,-0.09667818148170995,8.327342545185367,4.830664363703658,-0.37444444444444447,-0.3244444444444444,-0.7144444444444444,-0.16471356404975923,-0.02582135280496438,-0.0062551013434893315
1592167910.9094224,-0.0905157389894623,8.407853620643069,4.8524459605512025,-0.38525976462817857,-0.3256461466870816,-0.6988223152901618,-0.1441911177180208,-0.060295185182364305,0.0073781026524426755
1592167910.9194224,-0.030996175695243752,8.436398470278098,4.901609178331415,-0.39444444444444443,-0.32666666666666666,-0.6855555555555556,-0.13201142353046416,-0.07275966469331854,0.02172884858700743
1592167910.9294224,0.020493778235713717,8.378024887057146,4.931790441467861,-0.39444444444444443,-0.32666666666666666,-0.6855555555555556,-0.12102835400718229,-0.09132675316311356,-0.009965491808231277
1592167910.9394224,0.0700009543122987,8.39714422044614,4.864285577955386,-0.39444444444444443,-0.32666666666666666,-0.6855555555555556,-0.12497816005096327,-0.09910984259490882,-0.03880252823374325
1592167910.9494224,0.10925797235734692,8.500176820322755,4.887773917072041,-0.39444444444444443,-0.32666666666666666,-0.6855555555555556,-0.13477736107311897,-0.10599175932607328,-0.04001768020963796
1592167910.9594223,0.08383452868852459,8.466024269979508,5.005892994364754,-0.39996972478369763,-0.3211413863274135,-0.6815371698542805,-0.14328739207591615,-0.11175786993176412,-0.0434989381275126
1592167910.9694223,0.010773794110030838,8.293238070576049,5.127535723533981,-0.4066666666666667,-0.31444444444444447,-0.6766666666666666,-0.1323281560558856,-0.12000697340682077,-0.06402138479347647
1592167910.9794223,-0.11191623744377373,8.401550329783019,5.0607318153215095,-0.4066666666666667,-0.31444444444444447,-0.6766666666666666,-0.08188267994614183,-0.1223573908470956,-0.07926196070725623
1592167910.9894223,-0.1516282894736842,8.499036654135338,5.06578007518797,-0.4066666666666667,-0.31444444444444447,-0.6766666666666666,-0.027455821213013473,-0.12298117486169219,-0.09356129437088963
1592167910.9994223,-0.1772537423408051,8.423937989606763,5.128808268052431,-0.4066666666666667,-0.31444444444444447,-0.6766666666666666,-0.011128728742989757,-0.12976928845652502,-0.11730100716008994
1592167911.0094223,-0.17454924072531558,8.302274620362658,5.165150253091562,-0.4066666666666667,-0.3111842264510939,-0.6799268846600172,0.012339381078736264,-0.1398354620728692,-0.13195774454258308
1592167911.0194223,-0.08074860637793677,8.362860366968336,5.097888239409601,-0.4066666666666667,-0.30666666666666664,-0.6844444444444444,0.10184948338930072,-0.150275043601622,-0.12376846366929642
1592167911.0294223,-0.07323667344067532,8.409710020322025,4.920595591683601,-0.4066666666666667,-0.30666666666666664,-0.6844444444444444,0.18139593387586486,-0.15746433085759065,-0.12814013245622
1592167911.0394223,-0.018421965180628455,8.441276631118923,4.749024772581526,-0.4066666666666667,-0.30666666666666664,-0.6844444444444444,0.21547583092572994,-0.17331058224317328,-0.11514453030101862
1592167911.0494223,0.0539157158847672,8.529036191897571,4.660481904051214,-0.4066666666666667,-0.30666666666666664,-0.6844444444444444,0.22141236505811682,-0.19174966362140267,-0.08659617243583971
1592167911.0594223,0.08400295718798306,8.60732643322804,4.650664695208011,-0.4102215650693371,-0.30014935292843753,-0.6915542412497853,0.22020280406550877,-0.20238536365278642,-0.06755900151539261
1592167911.0694222,0.066253336568794,8.626262234085578,4.632524468171156,-0.41333333333333333,-0.29444444444444445,-0.6977777777777778,0.21394294817013076,-0.20139596775012258,-0.07021895595445579
1592167911.0794222,0.007725442407544775,8.53,4.456137278796228,-0.41333333333333333,-0.29444444444444445,-0.6977777777777778,0.1690944338461356,-0.18268063472377533,-0.10420786107279259
1592167911.0894222,0.06780312985306414,8.570974793931429,4.4875606259706124,-0.41333333333333333,-0.29444444444444445,-0.6977777777777778,0.1515191452443079,-0.17115409932924414,-0.09913281461449276
1592167911.0994222,0.13441539317973675,8.569092247741843,4.530907752258157,-0.41333333333333333,-0.29444444444444445,-0.6977777777777778,0.13775680346549815,-0.16702465114499787,-0.09487375706475941
1592167911.1094222,0.14,8.55455218811657,4.538432900992982,-0.4246351342123894,-0.3014593553348931,-0.6853068250836469,0.12091127287349904,-0.16924971527055827,-0.10533028446792508
1592167911.1194222,0.12487482133800545,8.584874821338005,4.464874821338006,-0.44555555555555554,-0.31444444444444447,-0.6622222222222223,0.11343729813044373,-0.18057345912450806,-0.11068746305123335
1592167911.1294222,0.13413373644802418,8.565173252710396,4.3679452960767176,-0.44555555555555554,-0.31444444444444447,-0.6622222222222223,0.09971917574233745,-0.19175943045179625,-0.10690141668465267
1592167911.1394222,0.1647620292265653,8.645716526078175,4.318096233812523,-0.44555555555555554,-0.31444444444444447,-0.6622222222222223,0.06747518677427329,-0.20008957283460055,-0.1048235894576586
1592167911.1494222,0.2554401030485187,8.705047230571061,4.4182546157149,-0.44555555555555554,-0.31444444444444447,-0.6622222222222223,0.03207834043700774,-0.1996854971603672,-0.09152346602698581
1592167911.1594222,0.40302342718536033,8.64674414320366,4.52953514077804,-0.43687327076531535,-0.31444444444444447,-0.6647545552860423,-0.010096774469323026,-0.19031183986072037,-0.07914871755334628
1592167911.1694221,0.3886053043558339,8.598605304355834,4.625192927525555,-0.41888888888888887,-0.31444444444444447,-0.67,-0.05811830686048619,-0.16275388146667952,-0.10851340319968358
1592167911.1794221,0.23715650701499758,8.469513788098693,4.649756894049347,-0.41888888888888887,-0.31444444444444447,-0.67,-0.058479374921287686,-0.13532528990442003,-0.14650802056774848
1592167911.1894221,0.04641269690191786,8.42904535287679,4.586374149336125,-0.41888888888888887,-0.31444444444444447,-0.67,-0.031446845434391954,-0.12574112797907525,-0.15391548106597783
1592167911.1994221,0.07311591675386585,8.51841355656319,4.584730845250553,-0.41888888888888887,-0.31444444444444447,-0.67,-0.008556699364430983,-0.1371541835466162,-0.10548001382512134
1592167911.209422,0.26562311860325105,8.565623118603252,4.6068753762793495,-0.42722121881062275,-0.3099310990701719,-0.6588902267710215,-0.0019767613818870147,-0.155715601652852,-0.03736210358037681
1592167911.219422,0.18994596870395059,8.569985264191986,4.574987720159989,-0.44555555555555554,-0.3,-0.6344444444444445,-0.02073167876752755,-0.1598042984947829,-0.03546137709037668
1592167911.229422,0.06177050342185113,8.544557374144537,4.504426258554628,-0.44555555555555554,-0.3,-0.6344444444444445,-0.04913029268880203,-0.15191517671196794,-0.06945551113746676
1592167911.239422,0.06906667622941022,8.537542853044538,4.487371440866385,-0.44555555555555554,-0.3,-0.6344444444444445,-0.08548166117596603,-0.147900031774148,-0.08228396150064668
1592167911.249422,0.16779279366869546,8.52,4.594393217570537,-0.44555555555555554,-0.3,-0.6344444444444445,-0.10945391447517665,-0.14503713828383522,-0.0748964877667244
1592167911.259422,0.26685110300161097,8.522629779399677,4.702629779399678,-0.44409456700017896,-0.30379857024397905,-0.6347366421555197,-0.10587094255162664,-0.1369879333255961,-0.07905318855434312
1592167911.269422,0.22065431744208308,8.52532715872104,4.738037047673751,-0.44,-0.31444444444444447,-0.6355555555555555,-0.09279199147293361,-0.1173612683737345,-0.10801245383862272
1592167911.279422,0.20367043426531825,8.513670434265318,4.747846519928614,-0.44,-0.31444444444444447,-0.6355555555555555,-0.09853427087292793,-0.10172305282723344,-0.11923150335818936
1592167911.289422,0.19018328858305064,8.50018328858305,4.700641510040677,-0.44,-0.31444444444444447,-0.6355555555555555,-0.11324646455115962,-0.09068890756855968,-0.10599052904778083
1592167911.299422,0.23364545405141027,8.395637374780355,4.77,-0.44,-0.31444444444444447,-0.6355555555555555,-0.1327076081424993,-0.08189053992589701,-0.06648635652109813
1592167911.309422,0.15575514874141877,8.53,4.77,-0.43841723874904653,-0.3127297864225782,-0.6330495169082125,-0.12252220085631176,-0.0736585358015942,-0.0634173321565431
1592167911.319422,0.05,8.53,4.77,-0.4266666666666667,-0.3,-0.6144444444444445,-0.09272061651219875,-0.06981317007977318,-0.08072147790473774
1592167911.329422,-0.039611172381953885,8.44339813793634,4.683398137936341,-0.4266666666666667,-0.3,-0.6144444444444445,-0.10598024395609601,-0.08012857000910911,-0.06443279391930924
1592167911.339422,0.04212649790824647,8.46914840814011,4.716807771396157,-0.4266666666666667,-0.3,-0.6144444444444445,-0.11657982305088674,-0.10133100958730959,-0.02989354351147701
1592167911.349422,0.09766780875253075,8.487667808752532,4.790830478118673,-0.4266666666666667,-0.3,-0.6144444444444445,-0.1004296523708071,-0.11411901807105006,-0.02787016587269689
1592167911.359422,0.09165411502482186,8.427518827462768,4.877323292019858,-0.433884705008274,-0.2987969936097321,-0.6098730201614265,-0.09355390793430776,-0.1139745946780487,-0.03838084295408202
1592167911.369422,0.10987627732209138,8.370123722677908,4.909938138661046,-0.46,-0.29444444444444445,-0.5933333333333334,-0.11563481096990211,-0.10049684090082424,-0.01743304844410995
1592167911.379422,-0.008731305968453118,8.44225373880631,4.846761216418928,-0.46,-0.29444444444444445,-0.5933333333333334,-0.11069653989934114,-0.08884898291533876,-0.011123211257454201
1592167911.389422,-0.04875230398412024,8.422917434661374,4.856036674701072,-0.46,-0.29444444444444445,-0.5933333333333334,-0.09715199090325057,-0.09042486597694899,-0.019498851562804224
1592167911.399422,0.024617070425872176,8.407115244131177,4.902498173705306,-0.46,-0.29444444444444445,-0.5933333333333334,-0.10272705975904649,-0.1041536533779093,-0.018733089506819383
1592167911.409422,0.09682465814553916,8.428232875402417,4.802471233226022,-0.45769954348572905,-0.29507184167560924,-0.5920785388710038,-0.10592654295629914,-0.12013244687480738,-0.03363554273966218
1592167911.419422,0.024585516467065867,8.565414483532935,4.758439137350299,-0.4477777777777778,-0.29777777777777775,-0.5866666666666667,-0.07491620773107625,-0.12418444550204173,-0.06444944244660339
1592167911.429422,0.010685735073439133,8.52944750125051,4.715066618161975,-0.4477777777777778,-0.29777777777777775,-0.5866666666666667,-0.06334298747746893,-0.12450431338994496,-0.07758405591424614
1592167911.439422,0.017018504846507417,8.458944485460478,4.699208364095358,-0.4477777777777778,-0.29777777777777775,-0.5866666666666667,-0.07925644610313917,-0.12730197088295597,-0.09552395472167333
1592167911.449422,0.0669867860354197,8.500179248602368,4.791856601118105,-0.4477777777777778,-0.29777777777777775,-0.5866666666666667,-0.10712349343901566,-0.12435470920459597,-0.09581013808396191
1592167911.4594219,0.260987770802337,8.388415647566863,4.8990122291976625,-0.4520027175994807,-0.29777777777777775,-0.5857864708704785,-0.10869475404975844,-0.12245362275976618,-0.07573192757371065
1592167911.4694219,0.16,8.38,5.0,-0.47444444444444445,-0.29777777777777775,-0.5811111111111111,-0.12980886311707826,-0.11235557059713495,-0.0839939702522271
1592167911.4794219,0.21848684210526317,8.319572368421053,5.068059210526316,-0.47444444444444445,-0.29777777777777775,-0.5811111111111111,-0.1302538072520439,-0.09822141779366936,-0.0890964747677204
1592167911.4894218,0.06721046321525885,8.344763378746594,4.963605231607629,-0.47444444444444445,-0.29777777777777775,-0.5811111111111111,-0.10431221836148633,-0.08839464913500425,-0.09459798681782149
1592167911.4994218,0.06775639033486132,8.312243609665138,4.974897443866055,-0.47444444444444445,-0.29777777777777775,-0.5811111111111111,-0.07896355040895364,-0.08098859203096984,-0.09492465235475978
1592167911.5094218,0.01209576953023618,8.354973397352712,4.988010641058915,-0.47267612538570236,-0.29777777777777775,-0.5811111111111111,-0.05509566021203826,-0.08137829789316021,-0.0884832074726659
1592167911.5194218,-0.16457412925100173,8.39635646768725,4.948138806123497,-0.45666666666666667,-0.29777777777777775,-0.5811111111111111,-0.04671990247839876,-0.0770515378368715,-0.058008454435420735
1592167911.5294218,-0.19,8.39,4.91,-0.45666666666666667,-0.29777777777777775,-0.5811111111111111,-0.05781403147231216,-0.07635815477475191,-0.0545415391248228
1592167911.5394218,-0.2618836543261778,8.372970913581543,4.82,-0.45666666666666667,-0.29777777777777775,-0.5811111111111111,-0.0448743920293894,-0.07397101839750128,-0.06609799974716445
1592167911.5494218,-0.2751881825273011,8.38888709048362,4.837774180967239,-0.45666666666666667,-0.29777777777777775,-0.5811111111111111,-0.034583441311007816,-0.07251971950666353,-0.06536950241262883
1592167911.5594218,-0.25538636761871386,8.430515156824951,4.876580807195841,-0.46236532134026437,-0.2975878226219912,-0.5759823219048732,-0.036240098752733436,-0.07915547534630188,-0.057571348541961775
1592167911.5694218,-0.29884481014985753,8.458343063344673,4.835075848119886,-0.49,-0.2966666666666667,-0.5511111111111111,-0.05785221606553047,-0.09577927012327385,-0.03901788484023983
1592167911.5794218,-0.2745197373001323,8.305564967162518,4.749392680606159,-0.49,-0.2966666666666667,-0.5511111111111111,-0.08114825649335504,-0.10253809355466686,-0.03431802093849552
1592167911.5894217,-0.39517233976576105,8.361378718126089,4.649310640936956,-0.49,-0.2966666666666667,-0.5511111111111111,-0.0749289356534828,-0.10028123458105781,-0.06306127542170946
1592167911.5994217,-0.3953996966031069,8.517543637306296,4.587914242371872,-0.49,-0.2966666666666667,-0.5511111111111111,-0.04604241372740999,-0.09608665592028358,-0.06439944290865884
1592167911.6094217,-0.33880593098018635,8.652357958273193,4.588119669334733,-0.48957544212628845,-0.2960298298560994,-0.5506865532373996,-0.04932842431977052,-0.10485000784398357,-0.047527644622278334
1592167911.6194217,-0.2792314829132519,8.299618060924695,4.941537034173496,-0.4722222222222222,-0.27,-0.5333333333333333,-0.17507656948766334,-0.10899924604013567,-0.03217925506892862
1592167911.6294217,-0.25932417857048906,8.20165522321311,4.988344776786889,-0.4722222222222222,-0.27,-0.5333333333333333,-0.24558436742545886,-0.10072503539906459,-0.04483089824375302
1592167911.6394217,-0.29306679773664523,8.258400786419871,4.962267190946581,-0.4722222222222222,-0.27,-0.5333333333333333,-0.2238378331800199,-0.07663418402761629,-0.05436709198472374
1592167911.6494217,-0.3,8.3,4.99,-0.4722222222222222,-0.27,-0.5333333333333333,-0.18980455615438332,-0.05999569303730508,-0.05890486225480862
1592167911.6594217,-0.368627106857843,8.293320970893076,5.135343223285539,-0.47385487378169255,-0.27163265155947036,-0.5303648759524782,-0.18079052787164465,-0.06494591701016657,-0.05293464160536396
1592167911.6694217,-0.23,8.25,5.17,-0.48444444444444446,-0.2822222222222222,-0.5111111111111111,-0.19307704850187268,-0.08290313946973066,-0.028361600344907853
1592167911.6794217,-0.11122632351843095,8.23829330213804,5.223173208552157,-0.48444444444444446,-0.2822222222222222,-0.5111111111111111,-0.19334459079051344,-0.09796239821220407,-0.0019168886404115478
1592167911.6894217,-0.036446690825863055,8.227944163646768,5.200279181766165,-0.48444444444444446,-0.2822222222222222,-0.5111111111111111,-0.1682841843878086,-0.08647187570057442,0.013701832250433204
1592167911.6994216,-0.13569412135788353,8.22,5.248498600323305,-0.48444444444444446,-0.2822222222222222,-0.5111111111111111,-0.14612805805772694,-0.06190541031188577,0.0011464410889179336
1592167911.7094216,-0.30933347790087923,8.22,5.289841304262114,-0.48444444444444446,-0.2822222222222222,-0.5111111111111111,-0.1353045634765854,-0.039356463267840876,-0.030422084772744915
1592167911.7194216,-0.26573613941878305,8.216021938763827,5.396307738108869,-0.47444444444444445,-0.26666666666666666,-0.5166666666666667,-0.14020891429284152,-0.028361600344907853,0.005653174885852316
1592167911.7294216,-0.12797715148940186,8.150057121276495,5.444017136382949,-0.47444444444444445,-0.26666666666666666,-0.5166666666666667,-0.13353201899631562,-0.027708971164812076,0.043204376144468044
1592167911.7394216,-0.14022568246772446,8.07790972701291,5.421977431753228,-0.47444444444444445,-0.26666666666666666,-0.5166666666666667,-0.10395541030212258,-0.023147768913382587,0.028626540964151227
1592167911.7494216,-0.04252649617225771,8.125726153444967,5.416021196937806,-0.47444444444444445,-0.26666666666666666,-0.5166666666666667,-0.05477589087189963,-0.012412535576944744,0.013714595834264398
1592167911.7594216,0.035598562035502074,8.19603870583195,5.353521150371598,-0.47444444444444445,-0.26666666666666666,-0.5166666666666667,-0.007052008580582629,0.0003706471796580263,0.02138450548822606
1592167911.7694216,0.08197416137805984,8.22210335448776,5.30592248413418,-0.47555555555555556,-0.2611111111111111,-0.4988888888888889,0.053450708342326333,0.056723200689815706,0.008726646259971648
1592167911.7794216,0.057062876623532516,8.183726262214005,5.323726262214007,-0.47555555555555556,-0.2611111111111111,-0.4988888888888889,0.05670141183400611,0.06373787664554574,0.006331391055576025
1592167911.7894216,-0.141050645528764,8.167812084678186,5.280284317448263,-0.47555555555555556,-0.2611111111111111,-0.4988888888888889,0.08336157006343786,0.10780616213240962,0.0022868199720201725
1592167911.7994215,-0.25,8.26710748054287,5.214363542805686,-0.47555555555555556,-0.2611111111111111,-0.4988888888888889,0.13074463272833156,0.14009692625707024,0.048306676772330345
1592167911.8094215,-0.25935381834613647,8.309376412110257,5.119376412110258,-0.47590199327207916,-0.26173469900085355,-0.49833458854245116,0.12940072579764442,0.13614977915234006,0.0492258955828247
1592167911.8194215,-0.4,8.3,5.11,-0.4811111111111111,-0.27111111111111114,-0.49,0.12326387842209952,0.13308135546456762,0.03490658503988659
1592167911.8294215,-0.42117070188960054,8.286125388683658,5.163783984904457,-0.4811111111111111,-0.27111111111111114,-0.49,0.1086604237202381,0.12284122389269202,0.02305492181421417
1592167911.8394215,-0.34993491347713085,8.187986982695426,5.224221294177755,-0.4811111111111111,-0.27111111111111114,-0.49,0.10454276802510984,0.10994012323145506,0.0388804347894369
1592167911.8494215,-0.2828394315089205,8.18,5.361131690353795,-0.4811111111111111,-0.27111111111111114,-0.49,0.13857369010371273,0.10134401812901303,0.06787840504961504
1592167911.8594215,-0.09259298457816756,8.18,5.369058625642577,-0.4811111111111111,-0.27111111111111114,-0.49,0.19996699977311982,0.10826157414810117,0.06960779405438708
1592167911.8694215,-0.19166473936013423,8.363352606398658,5.191687867038524,-0.4633333333333333,-0.26222222222222225,-0.4688888888888889,0.27579480882018936,0.13435251972177514,0.0801741703847259
1592167911.8794215,-0.19332388559649577,8.286676114403503,5.0652842051017775,-0.4633333333333333,-0.26222222222222225,-0.4688888888888889,0.2941648233660779,0.14188237271785248,0.08893989427011777
1592167911.8894215,-0.14800096165404494,8.347991345113595,4.81601153984854,-0.4633333333333333,-0.26222222222222225,-0.4688888888888889,0.31350455708911457,0.151624429765173,0.08879551389851334
1592167911.8994215,-0.14,8.42,4.72,-0.4633333333333333,-0.26222222222222225,-0.4688888888888889,0.31525009614147576,0.16035212502697901,0.07308566242726255
1592167911.9094214,-0.3050006854949273,8.497647381409378,4.787941458733205,-0.4633333333333333,-0.26222222222222225,-0.4688888888888889,0.2781937788445292,0.1624696288725188,0.06673315089064313
1592167911.9194214,-0.28512540472623593,8.396281351181559,4.802562702363118,-0.4777777777777778,-0.25,-0.4477777777777778,0.23392015574667058,0.15619162272701567,0.08165885542246605
1592167911.9294214,-0.22,8.38,4.77,-0.4777777777777778,-0.25,-0.4477777777777778,0.23125612588924865,0.15707963267948966,0.09053895494720585
1592167911.9394214,-0.18759430536051525,8.520729746743498,4.637081013026004,-0.4777777777777778,-0.25,-0.4477777777777778,0.2372998809442531,0.16567068441044727,0.08750527166308708
1592167911.9494214,-0.03500792734248077,8.530715418191782,4.600715418191783,-0.4777777777777778,-0.25,-0.4477777777777778,0.21348548486140262,0.17850777771428164,0.08952443470546459
1592167911.9594214,-0.09247646264362192,8.538925208949088,4.608925208949089,-0.4777777777777778,-0.25,-0.4477777777777778,0.17229021947215153,0.1865677209426134,0.0778822944867632
1592167911.9694214,-0.18399361613544896,8.532665957348383,4.5893308507193415,-0.4711111111111111,-0.25,-0.44,0.11359296741598063,0.19424087214771196,0.06195953663159688
1592167911.9794214,-0.3492643403001565,8.536618175121998,4.656176226866771,-0.4711111111111111,-0.25,-0.44,0.08145957894705119,0.18582630301980232,0.05457357807331891
1592167911.9894214,-0.4222893072857682,8.41789708380521,4.714906804454511,-0.4711111111111111,-0.25,-0.44,0.039672561236882536,0.16925203178213202,0.06680587026679785
1592167911.9994214,-0.31847663776493257,8.392538937058447,4.784062299293513,-0.4711111111111111,-0.25,-0.44,0.032703511454476177,0.1577997158610148,0.09849012701168888
1592167912.0094213,-0.29322194123314066,8.434630097944765,4.851408156711625,-0.4711111111111111,-0.25,-0.44,0.06851669194780681,0.169737442692125,0.0856341135012625
1592167912.0194213,-0.4252727021040974,8.388203211517165,4.845508028792912,-0.4711111111111111,-0.23777777777777778,-0.42777777777777776,0.09926560120717749,0.18088191067574055,0.05688069466907149
1592167912.0294213,-0.5746983766924222,8.380014177358758,4.792342099666832,-0.4711111111111111,-0.23777777777777778,-0.42777777777777776,0.09913708623159735,0.17818941596372798,0.09207958814423281
1592167912.0394213,-0.48753731864651495,8.542462681353484,4.668522391187909,-0.4711111111111111,-0.23777777777777778,-0.42777777777777776,0.09557957321058215,0.16635983599638546,0.09749259791278891
1592167912.0494213,-0.44174674537706715,8.583886391180265,4.643056804409867,-0.4711111111111111,-0.23777777777777778,-0.42777777777777776,0.06532598292039758,0.15551245099037114,0.06288710465949682
1592167912.0594213,-0.507336486961961,8.354322295633137,4.757838852183432,-0.4711111111111111,-0.23777777777777778,-0.42777777777777776,0.019714573345693896,0.13762562370617362,0.048577642832138786
1592167912.0694213,-0.42913823817582614,8.329910260978,4.787845595439565,-0.4622222222222222,-0.2588888888888889,-0.43333333333333335,0.023075875679905544,0.11581607020962216,0.08228232684972878
1592167912.0794213,-0.41045871559633024,8.544724770642203,4.741146788990826,-0.4622222222222222,-0.2588888888888889,-0.43333333333333335,0.07401637126003477,0.1198913098560325,0.09247042596575461
1592167912.0894213,-0.43074448335017507,8.577890630507838,4.6101240805583625,-0.4622222222222222,-0.2588888888888889,-0.43333333333333335,0.07530792926002683,0.13220708611018506,0.07259839921400632
1592167912.0994213,-0.48988437947970764,8.410327591474163,4.6199807299132845,-0.4622222222222222,-0.2588888888888889,-0.43333333333333335,0.07853351021861367,0.14941018455598162,0.03389142771096402
1592167912.1094213,-0.5148492223673276,8.426566148244884,4.55373540702046,-0.4622222222222222,-0.2588888888888889,-0.43333333333333335,0.13184886647585953,0.15667216298318257,0.018455519472407936
1592167912.1194212,-0.7507388580817417,8.647388580817417,4.407044567673034,-0.4622222222222222,-0.24444444444444444,-0.38333333333333336,0.16287280891310826,0.13834233442486105,0.017888258213970172
1592167912.1294212,-0.76,8.74,4.37,-0.4622222222222222,-0.24444444444444444,-0.38333333333333336,0.08508480103472357,0.09490227807719166,0.0643590161672909
1592167912.1394212,-0.6640476663356505,8.663238133068521,4.283642899702086,-0.4622222222222222,-0.24444444444444444,-0.38333333333333336,0.00972401440104427,0.05512852957608315,0.058078950614484294
1592167912.1494212,-0.73,8.53,4.34,-0.4622222222222222,-0.24444444444444444,-0.38333333333333336,-0.009817477042468103,0.031634092692397225,0.039269908169872414
1592167912.1594212,-0.6191951234492077,8.618643901240635,4.34,-0.4622222222222222,-0.24444444444444444,-0.38333333333333336,-0.011429068645032422,0.024381930480857787,0.04491047877884753
1592167912.1694212,-0.5992671804459847,8.628900770668977,4.352198458662046,-0.4477777777777778,-0.24666666666666667,-0.38333333333333336,-0.04159978125004834,0.03284483079402395,0.0391899699571189
1592167912.1794212,-0.5801404532810434,8.600210679921565,4.40957864015687,-0.4477777777777778,-0.24666666666666667,-0.38333333333333336,-0.07393901652793866,0.035974434208013335,0.03710356768112597
1592167912.1894212,-0.6581676093027622,8.531603341860082,4.419770951162845,-0.4477777777777778,-0.24666666666666667,-0.38333333333333336,-0.10721770154813264,0.029602343240762344,0.04668085547731056
1592167912.1994212,-0.6308668752666762,8.500866875266675,4.54624354051107,-0.4477777777777778,-0.24666666666666667,-0.38333333333333336,-0.13129707425005605,0.0082662249611253,0.0532615854972313
1592167912.2094212,-0.5425787439990633,8.56357909527341,4.605631708364233,-0.4477777777777778,-0.24666666666666667,-0.38333333333333336,-0.14672825695966685,-0.0036342150877450123,0.053450708342326333
1592167912.2194211,-0.47,8.67,4.71,-0.45111111111111113,-0.23555555555555555,-0.37666666666666665,-0.20616701789183017,-0.008726646259971648,0.044724062082354694
1592167912.2294211,-0.39998165137614683,8.276146788990825,4.876293577981651,-0.45111111111111113,-0.23555555555555555,-0.37666666666666665,-0.2204879247702928,-0.00013410213289406087,0.024674792452506988
1592167912.2394211,-0.47,8.360022310944105,4.856391968060122,-0.45111111111111113,-0.23555555555555555,-0.37666666666666665,-0.14355235747794892,0.013221161133432444,-0.0010932645289581085
1592167912.2494211,-0.47147243846819215,8.593899897774632,4.775258708814972,-0.45111111111111113,-0.23555555555555555,-0.37666666666666665,-0.13473342756261603,0.016362461737446838,-0.02750022402047368
1592167912.259421,-0.5291906503106079,8.354781591570339,4.981395179680742,-0.45111111111111113,-0.23555555555555555,-0.37666666666666665,-0.19949310981349905,0.016362461737446838,-0.03649462433309632
1592167912.269421,-0.5,8.16,5.11,-0.43,-0.22333333333333333,-0.3411111111111111,-0.234528618236738,0.01308996938995747,-0.038179077387375956
1592167912.279421,-0.4456126262224696,8.250645622962551,5.082806313111235,-0.43,-0.22333333333333333,-0.3411111111111111,-0.16827966423323903,0.011112388673435114,-0.015436899147368843
1592167912.289421,-0.5223267097966728,8.488685304990758,4.8696095194085025,-0.43,-0.22333333333333333,-0.3411111111111111,-0.12252766846006805,0.012903963586472632,-0.009098657866941327
1592167912.299421,-0.3958071984845296,8.393699572019926,4.9215694941415835,-0.43,-0.22333333333333333,-0.3411111111111111,-0.17354970040025158,0.002355315886573242,0.0029838848346293283
1592167912.309421,-0.38,8.24673272026105,4.989229902106199,-0.43,-0.22333333333333333,-0.3411111111111111,-0.19290903920425415,0.013205168369064187,0.00678619064729937
1592167912.319421,-0.43322148684008005,8.25322148684008,5.02774049561336,-0.4428125801652044,-0.2105207531681289,-0.35392369127631557,-0.1180976689134931,0.039707953038509214,-0.008813281427551785
1592167912.329421,-0.5019246948964498,8.419234929733728,5.003460845044379,-0.4444444444444444,-0.2088888888888889,-0.35555555555555557,-0.06070769309432517,0.05798225500644716,-0.033103098653024784
1592167912.339421,-0.6948572933122695,8.303789362822538,5.0,-0.4444444444444444,-0.2088888888888889,-0.35555555555555557,-0.09168722810898067,0.06317960923594719,-0.051916996815593565
1592167912.349421,-0.81,8.17,5.06,-0.4444444444444444,-0.2088888888888889,-0.35555555555555557,-0.11562806294462433,0.044724062082354694,-0.038179077387375956
1592167912.359421,-0.81,8.183868442233116,5.025328894417209,-0.4444444444444444,-0.2088888888888889,-0.35555555555555557,-0.08007697226570511,0.02127547035796117,-0.016243298032298143
1592167912.369421,-0.61,8.51,4.81,-0.43555555555555553,-0.20444444444444446,-0.3333333333333333,-0.008726646259971648,-0.022907446432425576,0.002181661564992912
1592167912.379421,-0.5605712055630455,8.534714397218476,4.818238132406159,-0.43555555555555553,-0.20444444444444446,-0.3333333333333333,-0.02310489973024353,-0.028299291483777533,0.002181661564992912
1592167912.389421,-0.43630624167264526,8.435780721533257,4.782102080557548,-0.43555555555555553,-0.20444444444444446,-0.3333333333333333,-0.09335779160056024,-0.026351914843374527,-0.009186898143116292
1592167912.399421,-0.4205739467403889,8.354591573923111,4.883686585855721,-0.43555555555555553,-0.20444444444444446,-0.3333333333333333,-0.1114790603164333,-0.011784818105666207,-0.03346660386444816
1592167912.409421,-0.4673372733807204,8.342110454436547,5.016232729015254,-0.43555555555555553,-0.20444444444444446,-0.3333333333333333,-0.10547064326871632,-0.0014415327483889157,-0.046094591948566896
1592167912.419421,-0.5409725692709202,8.287737797767782,5.084841468154812,-0.4229739142774292,-0.19186280316631807,-0.32946205909390985,-0.10837969258349311,0.00014067713323049692,-0.03198461952555326
1592167912.429421,-0.5162896264997627,8.288427593375058,5.106855186750119,-0.4211111111111111,-0.19,-0.3288888888888889,-0.10448653911170665,-0.005515846965526739,-0.0009538884721828275
1592167912.439421,-0.4338263898969371,8.29,5.033826389896936,-0.4211111111111111,-0.19,-0.3288888888888889,-0.07777791851493542,-0.01023798552672558,0.02652132812046689
1592167912.449421,-0.41143431280533294,8.324262748778668,5.10565687194667,-0.4211111111111111,-0.19,-0.3288888888888889,-0.05159511731735192,-0.006236450192375293,0.060443150758472064
1592167912.459421,-0.3245533700083112,8.344241104998614,5.098638342502078,-0.4211111111111111,-0.19,-0.3288888888888889,-0.027801528007814946,0.0038666275130696216,0.04680828409868355
1592167912.469421,-0.26442867811799853,8.358523773960666,5.064428678117999,-0.4267936270848892,-0.19568251597377812,-0.334571404862667,-0.00010916454432750161,0.02995100352388514,-0.0025710694171462434
1592167912.479421,-0.18074264340332852,8.368806372955184,5.051193627044814,-0.42777777777777776,-0.19666666666666666,-0.33555555555555555,-0.007294396624337585,0.04246139068888491,0.02284381614317884
1592167912.489421,-0.2269547769717549,8.321181619738496,4.9360904460564905,-0.42777777777777776,-0.19666666666666666,-0.33555555555555555,-0.015826991852087136,0.038307972105771616,0.023720596766353654
1592167912.499421,-0.4014257483009592,8.277714850339809,4.95035643707524,-0.42777777777777776,-0.19666666666666666,-0.33555555555555555,0.011601256410201554,0.03796868748155056,0.014983478542386068
1592167912.5094209,-0.48694514701233005,8.417541890610181,4.85940325640215,-0.42777777777777776,-0.19666666666666666,-0.33555555555555555,0.03683312739167946,0.03378971640595843,-0.011051516007838937
1592167912.5194209,-0.59,8.47,4.77,-0.41555555555555557,-0.19555555555555557,-0.33555555555555555,0.04581489286485115,0.025089107997418484,-0.04908738521234052
1592167912.5294209,-0.6056699006245335,8.407320397501866,4.871854354059469,-0.41555555555555557,-0.19555555555555557,-0.33555555555555555,-0.001191434524878389,0.011414540029497166,-0.045668743220360186
1592167912.5394208,-0.48705580330239845,8.319746173315657,4.873654814993372,-0.41555555555555557,-0.19555555555555557,-0.33555555555555555,-0.05824594629533944,-0.004817377992035934,-0.03897643432719571
1592167912.5494208,-0.4455675019317806,8.28556750193178,4.943297494204658,-0.41555555555555557,-0.19555555555555557,-0.33555555555555555,-0.06080545336914437,-0.007433375394515368,-0.038179077387375956
1592167912.5594208,-0.4269647854477612,8.306070429104478,4.973035214552239,-0.41555555555555557,-0.19555555555555557,-0.33555555555555555,-0.057151850379299506,-0.005502933483971015,-0.03178043140686342
1592167912.5694208,-0.404851026263518,8.335148973736482,4.98,-0.4088226783393413,-0.18966428799136809,-0.31956497216704677,-0.06058985996981473,-0.0027108264424873306,-0.007705391751176686
1592167912.5794208,-0.32060548459630495,8.355878903080738,5.019697257701848,-0.4066666666666667,-0.18777777777777777,-0.31444444444444447,-0.08815914901141986,-0.008244080260454683,0.015364305676614063
1592167912.5894208,-0.13983831480159134,8.29256350096909,5.004711312863409,-0.4066666666666667,-0.18777777777777777,-0.31444444444444447,-0.11145368510370093,-0.008897954429884256,0.03434731588627778
1592167912.5994208,-0.03345090675730279,8.314021819218977,5.034021819218976,-0.4066666666666667,-0.18777777777777777,-0.31444444444444447,-0.11360943097011314,0.000551365660175638,0.04079945137293842
1592167912.6094208,-0.03421849141626623,8.362655474248799,5.089764719956932,-0.4066666666666667,-0.18777777777777777,-0.31444444444444447,-0.11422189978550766,0.02156912171189895,0.025166103211464255
1592167912.6194208,-0.2601339789673816,8.233244014021745,5.273062206642504,-0.4229728873309172,-0.18234237088969427,-0.31535034559245834,-0.12787772774718606,0.06235898690388116,-0.006358135123002189
1592167912.6294208,-0.42820575236924824,8.157783659868127,5.29311346394725,-0.4266666666666667,-0.1811111111111111,-0.31555555555555553,-0.11892646423112556,0.09560166475027904,-0.02673542127632151
1592167912.6394207,-0.5257989518818486,8.2173768461172,5.1384020962363035,-0.4266666666666667,-0.1811111111111111,-0.31555555555555553,-0.08732019861825394,0.10311255965613021,-0.01842792046157924
1592167912.6494207,-0.5485456085168159,8.23,5.11,-0.4266666666666667,-0.1811111111111111,-0.31555555555555553,-0.06782958944927424,0.09430711151185667,0.007874251608350417
1592167912.6594207,-0.5213629128531636,8.196590064995357,5.105227152142194,-0.4266666666666667,-0.1811111111111111,-0.31555555555555553,-0.0633672992044005,0.08178724084891777,0.026576972825168993
1592167912.6694207,-0.3487111111111111,8.16,5.041822222222223,-0.41558518518518517,-0.1811111111111111,-0.2980098765432099,-0.024822460472808235,0.05621414632465069,0.06520744010923259
1592167912.6794207,-0.27150775162663665,8.204083862157603,4.968282592979356,-0.41333333333333333,-0.1811111111111111,-0.29444444444444445,0.02053625422380347,0.04960366563409882,0.07798813583475667
1592167912.6894207,-0.07081607012417823,8.652989919649379,4.6361940102264425,-0.41333333333333333,-0.1811111111111111,-0.29444444444444445,0.08926351958056858,0.042937872492503235,0.09192967256191585
1592167912.6994207,-0.06251529911327589,8.734371175221682,4.6813188460097415,-0.41333333333333333,-0.1811111111111111,-0.29444444444444445,0.028726436717522508,0.04315641005110869,0.07675636863477903
1592167912.7094207,-0.15869110930363511,8.670981668022273,4.871479071513483,-0.41333333333333333,-0.1811111111111111,-0.29444444444444445,-0.14842867504729684,0.039341297082998314,0.030023542432411524
1592167912.7194207,-0.23791926299156257,8.291142780477625,5.165099430547688,-0.408277431601125,-0.17015665735799304,-0.3163533519506806,-0.3439477820326201,0.041224596536957016,0.004553708729721498
1592167912.7294207,-0.38217454545454543,7.891174141414141,5.435814141414141,-0.4066666666666667,-0.16666666666666666,-0.3233333333333333,-0.36210125621271305,0.04521240168114503,0.0016476613322362632
1592167912.7394207,-0.5896598621491008,7.899599387329337,5.431020413552698,-0.4066666666666667,-0.16666666666666666,-0.3233333333333333,-0.13214801198996218,0.05306236255895732,-0.0005977719272079636
1592167912.7494206,-0.6382556622791414,8.230173129372703,5.275814459069529,-0.4066666666666667,-0.16666666666666666,-0.3233333333333333,0.012252367951925289,0.05505524156138799,0.003018788710025075
1592167912.7594206,-0.6589479285589892,8.36737514270787,5.236312428646065,-0.4066666666666667,-0.16666666666666666,-0.3233333333333333,0.06108884567947518,0.045987618116755564,0.0016078456083728895
1592167912.7694206,-0.65,8.100767278478685,5.393847427079119,-0.39820502446021994,-0.17128210787018305,-0.3233333333333333,-0.06058410049032712,0.02231988156764174,-0.010824490356886613
1592167912.7794206,-0.6706544726004526,8.03,5.473047156160725,-0.39444444444444443,-0.17333333333333334,-0.3233333333333333,-0.09006377800151183,0.00941369198266151,-0.017335075003686397
1592167912.7894206,-0.7,8.136928626247121,5.446486569455104,-0.39444444444444443,-0.17333333333333334,-0.3233333333333333,-0.03334141448658239,-0.006928240514032364,-0.023274628612934358
1592167912.7994206,-0.7952452280891226,8.11516446364426,5.478032305777945,-0.39444444444444443,-0.17333333333333334,-0.3233333333333333,-0.009424073158028687,-0.026492771827791216,-0.026966746548793774
1592167912.8094206,-0.8503249439594686,8.054187640101329,5.504837528020266,-0.39444444444444443,-0.17333333333333334,-0.3233333333333333,-0.0053478162504098994,-0.04620479762578321,-0.02667218534012698
1592167912.8194206,-0.8716004369279445,8.05900109231986,5.424597159968361,-0.40862275624526556,-0.16108842768716963,-0.3078660840960739,0.035780679509238716,-0.07363167358657535,-0.02888534210484165
1592167912.8294206,-0.88,8.124204708584553,5.288958034261651,-0.41888888888888887,-0.15222222222222223,-0.2966666666666667,0.11952468504933018,-0.1003544223722404,-0.03404508553516304
1592167912.8394206,-0.6274831368971892,8.177134832809237,5.163449434695984,-0.41888888888888887,-0.15222222222222223,-0.2966666666666667,0.17284275151910983,-0.11634261877226172,-0.030855803166769096
1592167912.8494205,-0.3918890970756351,8.197405545146218,5.167027725731091,-0.41888888888888887,-0.15222222222222223,-0.2966666666666667,0.19889115613389283,-0.1256461236992736,-0.016527316556744977
1592167912.8594205,-0.22446124361158434,8.249516609880748,5.191003691084611,-0.41888888888888887,-0.15222222222222223,-0.2966666666666667,0.20998693880492503,-0.11982514433057126,0.0018045010921408228
1592167912.8694205,-0.04343939333146091,8.316634032821089,5.180024475384183,-0.4026125354982234,-0.16036039891755496,-0.3003658378918179,0.20545136672124076,-0.10037245109116229,0.021079605677355277
1592167912.8794205,0.005551574992354406,8.31889685001529,5.164448425007645,-0.39444444444444443,-0.16444444444444445,-0.3022222222222222,0.18193979441105498,-0.08169978950869979,0.025089107997418484
1592167912.8894205,0.0017735094037615046,8.31,5.090074829931973,-0.39444444444444443,-0.16444444444444445,-0.3022222222222222,0.156577344171519,-0.06391849338790097,0.021948309786415383
1592167912.8994205,-0.00308569252253396,8.31,4.900114002792942,-0.39444444444444443,-0.16444444444444445,-0.3022222222222222,0.14331646961175235,-0.03953790051851874,0.01594482463273022
1592167912.9094205,-0.014887778309791717,8.339775556619584,4.8068293631793155,-0.39444444444444443,-0.16444444444444445,-0.3022222222222222,0.14816567534009603,-0.02987174287630205,0.014111627607571536
1592167912.9194205,-0.10038914590055592,8.492544804260778,4.640389145900556,-0.401872902331247,-0.16039255832437033,-0.31167662316906186,0.16229864074238431,-0.006652782846403764,0.009817477042468103
1592167912.9294205,-0.11760986193293885,8.515219723865878,4.676730966469428,-0.4066666666666667,-0.15777777777777777,-0.31777777777777777,0.15127473471540467,-0.0005693835469030811,0.009817477042468103
1592167912.9394205,-0.08351030551089023,8.427153340154948,4.743244847244555,-0.4066666666666667,-0.15777777777777777,-0.31777777777777777,0.08205844322836292,0.00036843642830526396,0.012707054459232871
1592167912.9494205,-0.07933903202504214,8.393113010675014,4.796695160125211,-0.4066666666666667,-0.15777777777777777,-0.31777777777777777,0.05376003534726735,0.0006791535741090785,0.014859953746563005
1592167912.9594204,-0.10896096617309396,8.386558550740359,4.931363381605829,-0.4066666666666667,-0.15777777777777777,-0.31777777777777777,0.022461280845247303,0.0026704064521189297,0.016362461737446838
1592167912.9694204,-0.12788341333701697,8.346349759988948,5.005475360016576,-0.41148430815039927,-0.16040558222345008,-0.30945639703314876,0.0007880336063488414,0.0028425188505313078,0.01765238222832102
1592167912.9794204,-0.09369140254317708,8.296768972155194,5.06,-0.41888888888888887,-0.16444444444444445,-0.2966666666666667,-0.01308996938995747,0.004346583433570321,0.023964797822091023
1592167912.9894204,-0.05929044161886808,8.29,5.0359034936424525,-0.41888888888888887,-0.16444444444444445,-0.2966666666666667,-0.006664695617962583,0.0074985592035715625,0.02647199667864198
1592167912.9994204,-0.04127227734551598,8.31818069336379,4.953091583981726,-0.41888888888888887,-0.16444444444444445,-0.2966666666666667,0.025663684365756077,0.018623235592754292,0.0272707695624114
1592167913.0094204,-0.05842047055885553,8.369471646955994,4.897897647205722,-0.41888888888888887,-0.16444444444444445,-0.2966666666666667,0.04259943169810235,0.02750010067677795,0.024974442440235212
1592167913.0194204,-0.07,8.41,4.832004888945083,-0.4140029876886622,-0.1724395554993608,-0.2988875308485879,0.04538149370833772,0.03294362293257209,0.02181661564992912
1592167913.0294204,-0.07483693366469127,8.413224622443128,4.8183876887784365,-0.4066666666666667,-0.18444444444444444,-0.3022222222222222,0.034837435835628164,0.029347706367517157,0.020937236294206015
1592167913.0394204,-0.1,8.42471061050739,4.81528938949261,-0.4066666666666667,-0.18444444444444444,-0.3022222222222222,0.0059136347616388606,0.0059136347616388606,0.011746598634125065
1592167913.0494204,-0.08304140015463556,8.34651273400342,4.983933131838524,-0.4066666666666667,-0.18444444444444444,-0.3022222222222222,-0.01854586123016426,-0.01669596495622794,0.0045526550209146616
1592167913.0594203,-0.03885915359010937,8.267756538278649,5.141140846409891,-0.4066666666666667,-0.18444444444444444,-0.3022222222222222,-0.03187881640289738,-0.033459094606394145,0.0016963845098942982
1592167913.0694203,0.010012950826105725,8.24,5.169987049173894,-0.41278569217150907,-0.1744314936183387,-0.3022222222222222,-0.020707419559725312,-0.04363464401583573,0.0016369525317334282
1592167913.0794203,0.017688099493052264,8.258495204055581,5.146128596958314,-0.41888888888888887,-0.16444444444444445,-0.3022222222222222,0.0022816381416884005,-0.03741057458911621,0.0026860400128024624
1592167913.0894203,-0.04037479208027042,8.37037479208027,4.926486827279068,-0.41888888888888887,-0.16444444444444445,-0.3022222222222222,0.03835024949787716,0.006447941316893255,0.0049738828395749085
1592167913.0994203,-0.08835069996818326,8.40814428889596,4.793711422208082,-0.41888888888888887,-0.16444444444444445,-0.3022222222222222,0.04191260452350635,0.024043309125208037,0.006162647290980117
1592167913.1094203,-0.18787669824895817,8.386424660350208,4.844301358599167,-0.41888888888888887,-0.16444444444444445,-0.3022222222222222,0.018068945011247426,0.047374929084000275,0.014650005609106596
1592167913.1194203,-0.19253050552004647,8.38549389889599,4.867253050552005,-0.4155315062302279,-0.16658096068177417,-0.3022222222222222,0.0015587597918968097,0.045383884769501004,0.019550812431027777
1592167913.1294203,-0.07878634402551116,8.4,4.875455120990433,-0.4066666666666667,-0.17222222222222222,-0.3022222222222222,-0.014908250891947965,0.020923678268393434,0.025089107997418484
1592167913.1394203,-0.019876035013011592,8.384907026259759,4.879938017506506,-0.4066666666666667,-0.17222222222222222,-0.3022222222222222,-0.03225050111611878,-0.0017072392062180142,0.020698739902680917
1592167913.1494203,0.0,8.339723099168575,4.92550765152428,-0.4066666666666667,-0.17222222222222222,-0.3022222222222222,-0.0518899751562361,-0.023548511608036095,0.011408415423620121
1592167913.1594203,-0.0075286456041538325,8.31,5.013878905218693,-0.4066666666666667,-0.17222222222222222,-0.3022222222222222,-0.056300077768322146,-0.037100745607597185,0.00202812158844404
1592167913.1694202,-0.0251689939701682,8.315168993970168,5.075168993970168,-0.4098254963151028,-0.17222222222222222,-0.30250938855389825,-0.04566741780507853,-0.0453616493859608,-0.0082734027810813
1592167913.1794202,-0.03431206575985909,8.33,5.09,-0.41888888888888887,-0.17222222222222222,-0.30333333333333334,-0.027761264468524637,-0.05779390997289925,-0.021946578119612006
1592167913.1894202,-0.019108702467864024,8.308217404935728,5.0573261074035925,-0.41888888888888887,-0.17222222222222222,-0.30333333333333334,-0.02340424908445295,-0.06286860821120877,-0.027962023171322185
1592167913.1994202,-0.024775690708489104,8.294925230236164,5.054626151180815,-0.41888888888888887,-0.17222222222222222,-0.30333333333333334,-0.020221150056181112,-0.06059820124054865,-0.031064208953150988
1592167913.2094202,-0.0648479546930236,8.29645029218671,5.087099415626578,-0.41888888888888887,-0.17222222222222222,-0.30333333333333334,-0.016678866409622514,-0.0571104137449761,-0.03388656264037485
1592167913.2194202,-0.11,8.294732187296603,5.095267812703396,-0.41888888888888887,-0.17222222222222222,-0.30175593756779867,-0.009851514604692333,-0.058330233029479595,-0.03625551660096676
1592167913.2294202,-0.13182287017752653,8.31,5.063632847366855,-0.41888888888888887,-0.17222222222222222,-0.2966666666666667,0.014182206579294396,-0.0629713253563138,-0.03351748782206902
1592167913.2394202,-0.14907640992217153,8.309832074531304,5.049748111796956,-0.41888888888888887,-0.17222222222222222,-0.2966666666666667,0.019616636257894324,-0.06546816477682924,-0.030506626255817
1592167913.2494202,-0.019618456078083407,8.281847382431232,5.072992014196983,-0.41888888888888887,-0.17222222222222222,-0.2966666666666667,0.01567466727955688,-0.06985479006526328,-0.02351200091933532
1592167913.2594202,0.016724949319432376,8.25991257602085,5.197074645236027,-0.41888888888888887,-0.17222222222222222,-0.2966666666666667,0.018591805686231543,-0.0672170370445702,-0.02036853225777275
1592167913.2694201,0.023978068839476088,8.246021931160524,5.277956137678952,-0.4177737164517548,-0.16932277388567368,-0.2966666666666667,0.03558341181538013,-0.05278584315933048,-0.022035579245928257
1592167913.2794201,0.0,8.280017212526895,5.169896724838633,-0.41333333333333333,-0.15777777777777777,-0.2966666666666667,0.07911808965081006,-0.03270990271154876,-0.02236109224346829
1592167913.2894201,-0.013976202061308445,8.322611138143053,5.016825319591277,-0.41333333333333333,-0.15777777777777777,-0.2966666666666667,0.1134204418555467,-0.020949142928748898,-0.02486574993610225
1592167913.29942,-0.06673203963666391,8.401323544591246,4.850310435590421,-0.41333333333333333,-0.15777777777777777,-0.2966666666666667,0.13690995983050763,-0.013446448565988003,-0.029363311333396678
1592167913.30942,-0.14056219050393243,8.438539178561024,4.783820273812991,-0.41333333333333333,-0.15777777777777777,-0.2966666666666667,0.13982239101675586,-0.009560100714526907,-0.030959989137178397
1592167913.31942,-0.19298548128242451,8.411043556152727,4.804927406412123,-0.4149919340457914,-0.15976809863272745,-0.29865698752161635,0.12331139081426065,-0.01449062819674378,-0.03130842720405366
1592167913.32942,-0.2,8.39,4.84,-0.41888888888888887,-0.16444444444444445,-0.30333333333333334,0.10035643198967394,-0.022907446432425576,-0.030543261909900768
1592167913.33942,-0.136163093320114,8.3787755607882,4.822448878423597,-0.41888888888888887,-0.16444444444444445,-0.30333333333333334,0.0726715820347992,-0.037778380592318396,-0.02290298523329032
1592167913.34942,-0.01805562819446095,8.406018542731488,4.787870200879591,-0.41888888888888887,-0.16444444444444445,-0.30333333333333334,0.06350051042890204,-0.04973379288891936,-0.016150363675636818
1592167913.35942,0.008832810922807204,8.402944270307602,4.847665621845614,-0.41888888888888887,-0.16444444444444445,-0.30333333333333334,0.05601433163963791,-0.05139636735477298,-0.013538460035749326
1592167913.36942,0.027663551401869158,8.41,4.894672897196261,-0.41888888888888887,-0.16444444444444445,-0.3022083766009,0.04857765120182816,-0.04823782852815325,-0.012338961281135923
1592167913.37942,-0.00875778786247212,8.41,4.936863318206292,-0.41888888888888887,-0.16444444444444445,-0.28888888888888886,0.042542400517361786,-0.031969455405852984,-0.01731778819614268
1592167913.38942,-0.03309458398744113,8.41,4.8632568027210885,-0.41888888888888887,-0.16444444444444445,-0.28888888888888886,0.041590135497529386,-0.016856289566179045,-0.01949638832227215
1592167913.39942,-0.06551352783867781,8.402243236080661,4.813270291758017,-0.41888888888888887,-0.16444444444444445,-0.28888888888888886,0.04078380479515751,-0.0017128936784342767,-0.020302719024644027
1592167913.40942,-0.10192563607840309,8.378074363921597,4.882795499215608,-0.41888888888888887,-0.16444444444444445,-0.28888888888888886,0.03884979954783085,0.007961036750854501,-0.018334068991418966
1592167913.41942,-0.12795157023672252,8.35,4.96,-0.41763707070021927,-0.16535485767256777,-0.29036831038458927,0.03294837249905018,0.00895009528412815,-0.014713008394559132
1592167913.42942,-0.10247776427703524,8.368805589307412,4.933672174969623,-0.4066666666666667,-0.17333333333333334,-0.30333333333333334,0.038599053865798594,0.010087759196984115,-0.008176379786507215
1592167913.43942,-0.06282510140777857,8.434939155332856,4.785182534001431,-0.4066666666666667,-0.17333333333333334,-0.30333333333333334,0.04895880721029965,0.009150120772766144,-0.0037602558613042945
1592167913.44942,-0.03952688944783807,8.493905377889568,4.623905377889567,-0.4066666666666667,-0.17333333333333334,-0.30333333333333334,0.05265029541386427,0.008965455758623824,-0.0019428520663407351
1592167913.45942,-0.08123625344727793,8.49438187327636,4.638427190085459,-0.4066666666666667,-0.17333333333333334,-0.30333333333333334,0.04002960118869932,0.008248658034486326,-0.004804598740017203
1592167913.46942,-0.1097970787511491,8.480101460624425,4.659847809063362,-0.4066666666666667,-0.17333333333333334,-0.30333333333333334,0.01977883336897118,0.009806409405234643,-0.008698977166887998
1592167913.47942,-0.11642756581726031,8.472855131634521,4.695007039279178,-0.4066666666666667,-0.16,-0.2822222222222222,-0.02181968711489462,0.001478987167511209,-0.01090830782496456
1592167913.48942,-0.11,8.44966741626228,4.72622322168304,-0.4066666666666667,-0.16,-0.2822222222222222,-0.048214229977161974,-0.010641442251829256,-0.010532604478170301
1592167913.49942,-0.10336268138727785,8.423362681387278,4.723230615144527,-0.4066666666666667,-0.16,-0.2822222222222222,-0.06796470570299583,-0.018172509601445338,-0.009455467469668404
1592167913.50942,-0.08760841330543329,8.4028252399163,4.7986990403348,-0.4066666666666667,-0.16,-0.2822222222222222,-0.08468200671122075,-0.023381905481194506,-0.008726646259971648
1592167913.51942,-0.08004239122591818,8.380127173677755,4.889491305288981,-0.4066666666666667,-0.16,-0.2822222222222222,-0.09376058147514198,-0.02833385535242427,-0.008726646259971648
1592167913.52942,-0.05667232992761887,8.38,4.956655340144763,-0.4011111111111111,-0.17888888888888888,-0.28888888888888886,-0.09926560120717749,-0.02181661564992912,-0.00545415391248228
1592167913.53942,-0.05632954247431038,8.37367045752569,4.954176143814224,-0.4011111111111111,-0.17888888888888888,-0.28888888888888886,-0.10030127017269197,-0.0190548317418905,-0.005799376900987106
1592167913.5494199,-0.07631193533048027,8.34737612933904,4.979963385639563,-0.4011111111111111,-0.17888888888888888,-0.28888888888888886,-0.10184956821910537,-0.007581766705465618,-0.006889247362759476
1592167913.5594199,-0.09239488150278495,8.30563071098329,5.12915905202228,-0.4011111111111111,-0.17888888888888888,-0.28888888888888886,-0.0985277446651055,0.004885805222719665,-0.006852092338374431
1592167913.5694199,-0.099883712583447,8.26,5.190116287416553,-0.40118217564344905,-0.17885658682873526,-0.28881136394452017,-0.09256205414520748,0.006551327189658386,-0.00433161065658757
1592167913.5794199,-0.06699180309153595,8.263252049227116,5.196991803091536,-0.41333333333333333,-0.17333333333333334,-0.27555555555555555,-0.05338856657913871,0.009409533179041168,0.0007360872421832605
1592167913.5894198,-0.05501041969564796,8.297018755452166,5.09794998546089,-0.41333333333333333,-0.17333333333333334,-0.27555555555555555,-0.024431881657978924,0.015709781847910092,0.0006549531144881552
1592167913.5994198,-0.08694573679657727,8.363054263203422,4.923891473593154,-0.41333333333333333,-0.17333333333333334,-0.27555555555555555,-0.016271136250992305,0.022149784081943093,0.002181661564992912
1592167913.6094198,-0.08426903951845068,8.372134519759225,4.9164035592776765,-0.41333333333333333,-0.17333333333333334,-0.27555555555555555,-0.020406843189807684,0.022907446432425576,0.002880181522755887
1592167913.6194198,-0.09890499869144204,8.379452499345721,4.938357498037163,-0.41333333333333333,-0.17333333333333334,-0.27555555555555555,-0.026792985108711826,0.022907446432425576,0.00527498474234494
1592167913.6294198,-0.06,8.35,5.01,-0.41333333333333333,-0.18666666666666668,-0.28888888888888886,-0.030543261909900768,0.019634954084936207,0.00545415391248228
1592167913.6394198,-0.09613219861118362,8.354088132407455,4.963647470370177,-0.41333333333333333,-0.18666666666666668,-0.28888888888888886,-0.03208003875969463,0.020279838800135255,0.0008678577488477521
1592167913.6494198,-0.128313235542882,8.364457842971412,4.91385539257147,-0.41333333333333333,-0.18666666666666668,-0.28888888888888886,-0.035629420903854,0.016428178881565243,0.0
1592167913.6594198,-0.12949159477614486,8.343847478432844,4.972559245746241,-0.41333333333333333,-0.18666666666666668,-0.28888888888888886,-0.03924217896646426,0.00889489985033625,0.0006711359915427696
1592167913.6694198,-0.05798240529205169,8.322394721587616,5.051219354178743,-0.41333333333333333,-0.18666666666666668,-0.28888888888888886,-0.03534195771043322,0.0018745015894803888,0.0030112687451613897
1592167913.6794198,-0.02665175944450983,8.326651759444509,5.073303518889019,-0.4266666666666667,-0.16666666666666666,-0.28888888888888886,-0.021458696828980533,0.004358444752942766,0.0032724923474893677
