time,acc_x,acc_y,acc_z,mag_x,mag_y,mag_z,gyr_x,gyr_y,gyr_z
1592167978.7893577,0.07166024617119233,8.986679507657616,3.765810861599173,-0.3,-0.20222222222222222,-0.6355555555555555,-0.01663411888195561,-0.011999138607461015,-0.007907472621983963
1592167978.7993577,0.0885714988198269,8.943571744689221,3.8321427517702595,-0.3,-0.20222222222222222,-0.6355555555555555,-0.019479128778919674,-0.011375837383394885,-0.011453696396022423
1592167978.8093576,0.07,8.861956430077301,3.8629346451159523,-0.3,-0.20222222222222222,-0.6355555555555555,-0.016066105321063756,-0.0013517716105792342,-0.018757536717651988
1592167978.8193576,0.07,8.882684884312729,3.890671221078182,-0.3,-0.20222222222222222,-0.6355555555555555,-0.001149145367059699,0.017900057826723496,-0.020872222590220917
1592167978.8293576,0.07,8.915525975805505,3.898881493951376,-0.3,-0.20222222222222222,-0.6355555555555555,0.02482330794299034,0.03670769643055284,-0.022663426266776095
1592167978.8393576,0.04689872410107121,8.888449362050537,3.9768987241010714,-0.30666666666666664,-0.20222222222222222,-0.6444444444444445,0.05622438917004328,0.059835178239089244,-0.028530748705686147
1592167978.8493576,0.008056037108185353,8.871943962891814,3.9338441175092536,-0.30666666666666664,-0.20222222222222222,-0.6444444444444445,0.0639750302389352,0.07108071207580482,-0.030755315366142993
1592167978.8593576,-0.051494070408067985,8.930747035204034,3.7488047436735457,-0.30666666666666664,-0.20222222222222222,-0.6444444444444445,0.0856715211119651,0.07606479473613115,-0.03716973550449638
1592167978.8693576,-0.14940937529181064,8.979704687645906,3.6704724997665514,-0.30666666666666664,-0.20222222222222222,-0.6444444444444445,0.12412277142406143,0.05683916958008298,-0.04251018693673199
1592167978.8793576,-0.13360887770547877,8.988195561147261,3.710977805736303,-0.30666666666666664,-0.20222222222222222,-0.6444444444444445,0.13687066773556536,0.020963319172760328,-0.04790638274492009
1592167978.8893576,-0.029102509283222684,8.94955125464161,3.779551254641611,-0.2877777777777778,-0.21444444444444444,-0.6311111111111111,0.12646294498202398,-0.035371615027797704,-0.04583936812737279
1592167978.8993576,0.008654214020479355,8.93067289298976,3.76067289298976,-0.2877777777777778,-0.21444444444444444,-0.6311111111111111,0.123373980280083,-0.05493505814009045,-0.04686902302801978
1592167978.9093575,0.06895780190948182,8.969305201272988,3.6322580958627895,-0.2877777777777778,-0.21444444444444444,-0.6311111111111111,0.14255777397945685,-0.0545604868207994,-0.04904948982038731
1592167978.9193575,0.14674417679470092,8.943798460406182,3.4745736279911683,-0.2877777777777778,-0.21444444444444444,-0.6311111111111111,0.1588469464907668,-0.040800451836169135,-0.0525036277624046
1592167978.9293575,0.09668589501322777,9.002199789151234,3.3911431583553795,-0.2877777777777778,-0.21444444444444444,-0.6311111111111111,0.15247634977738703,-0.030789514143715186,-0.03794226384610795
1592167978.9393575,0.14,9.11,3.25,-0.3,-0.19555555555555557,-0.6522222222222223,0.13308135546456762,-0.01308996938995747,0.0032724923474893677
1592167978.9493575,0.05548482515499008,9.26963977470724,3.0434073503788643,-0.3,-0.19555555555555557,-0.6522222222222223,0.11669171025407749,-0.00591949961036804,0.00019943387052246894
1592167978.9593575,0.10449449785428305,9.219001222699049,2.964494497854283,-0.3,-0.19555555555555557,-0.6522222222222223,0.05498267296575565,-0.010689074662257653,-0.015544005211134618
1592167978.9693575,0.19,9.2,3.05,-0.3,-0.19555555555555557,-0.6522222222222223,-0.019634954084936207,-0.0272707695624114,-0.020725784867432664
1592167978.9793575,0.29246008148882285,9.185362845501597,3.123185772492016,-0.3,-0.19555555555555557,-0.6522222222222223,-0.06034993375722382,-0.03924576358367246,-0.017532453128429715
1592167978.9893575,0.69,9.14,3.33,-0.3,-0.20222222222222222,-0.6355555555555555,-0.1287180323345818,-0.044724062082354694,-0.008726646259971648
1592167978.9993575,0.6986886981065505,9.087867811360697,3.3647547924262025,-0.3,-0.20222222222222222,-0.6355555555555555,-0.16662962975235818,-0.016290364019022396,-0.0020921167118607784
1592167979.0093575,0.6410351576316348,9.061854794972765,3.302473059963687,-0.3,-0.20222222222222222,-0.6355555555555555,-0.21236303653653352,0.045218124136875947,-0.004262159757410225
1592167979.0193574,0.3578274198014319,9.120334243107472,3.380167121553736,-0.3,-0.20222222222222222,-0.6355555555555555,-0.23620281329198287,0.09561325328460377,-0.0007262281120287113
1592167979.0293574,0.24998773782682648,9.136924963411257,3.388462481705629,-0.3,-0.20222222222222222,-0.6355555555555555,-0.26515908274983585,0.13090370668636211,0.017371440299129414
1592167979.0393574,0.11,8.98,3.51,-0.29333333333333333,-0.21444444444444444,-0.6577777777777778,-0.34688418883387295,0.16907877128695067,0.053450708342326333
1592167979.0493574,0.08408224558161026,8.902246736744832,3.665506526510338,-0.29333333333333333,-0.21444444444444444,-0.6577777777777778,-0.40060076906612285,0.1747331481535033,0.07418342351968592
1592167979.0593574,0.21714351296896123,8.89979596521207,3.8859193042413733,-0.29333333333333333,-0.21444444444444444,-0.6577777777777778,-0.4208158578735188,0.16707516366385827,0.0859975778753195
1592167979.0693574,0.5043873197473484,8.811741866285306,4.10574210463592,-0.29333333333333333,-0.21444444444444444,-0.6577777777777778,-0.42747899464774375,0.15192104697903025,0.09045450688662789
1592167979.0793574,0.6082604367820669,8.719927932949771,4.290144134100456,-0.29333333333333333,-0.21444444444444444,-0.6577777777777778,-0.4213531787052442,0.15698475422417868,0.0878593172186202
1592167979.0893574,0.49,8.83,4.36,-0.29333333333333333,-0.2088888888888889,-0.6444444444444445,-0.3501566811813624,0.18653206380689397,0.06654067773228381
1592167979.0993574,0.3302778221299697,8.844520197988185,4.345479802011815,-0.29333333333333333,-0.2088888888888889,-0.6444444444444445,-0.28442450360752475,0.20237114274034881,0.049909644852156224
1592167979.1093574,0.396127613674079,8.723872386325922,4.242978758712247,-0.29333333333333333,-0.2088888888888889,-0.6444444444444445,-0.22045923630965858,0.2083486794568231,0.02140814242379184
1592167979.1193573,0.1852599899682327,8.59310817589032,4.318087276375189,-0.29333333333333333,-0.2088888888888889,-0.6444444444444445,-0.20647998656308314,0.18598892819909016,0.00901353420862019
1592167979.1293573,0.08430758443379689,8.637846207783102,4.367846207783102,-0.29333333333333333,-0.2088888888888889,-0.6444444444444445,-0.16876266789436795,0.1576054376774489,0.009596514864563793
1592167979.1393573,0.06,8.8,4.32,-0.31444444444444447,-0.18777777777777777,-0.6588888888888889,-0.08944812416470939,0.09599310885968812,0.04690572364734761
1592167979.1493573,0.06,8.831062670299728,4.296702997275204,-0.31444444444444447,-0.18777777777777777,-0.6588888888888889,-0.036927742893013545,0.07905105038494753,0.06215357627461414
1592167979.1593573,0.0014759133527319779,8.791229927793943,4.241229927793944,-0.31444444444444447,-0.18777777777777777,-0.6588888888888889,0.021807299092162894,0.04544854935521061,0.04526071932150722
1592167979.1693573,0.054819411296738264,8.714623309466985,4.226295147175815,-0.31444444444444447,-0.18777777777777777,-0.6588888888888889,0.022159962665915373,0.024542000386579277,0.04173412701631389
1592167979.1793573,0.052112272075394386,8.770635115754969,4.206056136037697,-0.31444444444444447,-0.18777777777777777,-0.6588888888888889,0.04235065029991004,0.010708512143843513,0.049486976574582606
1592167979.1893573,-0.049464339181986956,8.850665608719085,4.126801904305648,-0.30269660192559766,-0.18958513816529265,-0.6760588125702803,0.1257926670472868,0.013162576037945063,0.02683512967448584
1592167979.1993573,-0.23145695696952948,8.797211183400737,4.11,-0.3,-0.19,-0.68,0.14289883250703572,0.014180800172453926,0.020725784867432664
1592167979.2093573,-0.3139238398610005,8.726076160139,4.009548251646999,-0.3,-0.19,-0.68,0.1438949766821179,-0.0037497949790255003,0.01474891981693952
1592167979.2193573,-0.23001759943681802,8.76499120028159,3.9820035198873636,-0.3,-0.19,-0.68,0.19699367239484467,-0.06925527598369174,0.010254577275764114
1592167979.2293572,-0.13616822429906542,8.869073916737468,3.964757858963466,-0.3,-0.19,-0.68,0.2253404309999752,-0.09963539006207645,0.004829498052327129
1592167979.2393572,0.06722438137844265,8.967514050048932,3.8249718999021387,-0.30187539027913696,-0.19562617083741088,-0.6612460972086305,0.22314115616619765,-0.12347185759463813,-0.01698026876471507
1592167979.2493572,0.12669089040593115,8.944412146125424,3.7911030365313563,-0.3022222222222222,-0.19666666666666666,-0.6577777777777778,0.20202848560209452,-0.1313889115807604,-0.03431289913871287
1592167979.2593572,0.2265837926586138,8.948780344787146,3.675855517767093,-0.3022222222222222,-0.19666666666666666,-0.6577777777777778,0.18717080170967393,-0.1272015894946952,-0.03982856397228382
1592167979.2693572,0.3773858989039751,8.975759856044496,3.6428267626370032,-0.3022222222222222,-0.19666666666666666,-0.6577777777777778,0.17513803025152608,-0.11810647759178501,-0.03661411976223381
1592167979.2793572,0.3418115501519757,9.009094224924011,3.5818115501519756,-0.3022222222222222,-0.19666666666666666,-0.6577777777777778,0.16550787538193948,-0.10957809659562345,-0.03441057201538364
1592167979.2893572,0.29326994651737404,9.06455008913771,3.542179964344916,-0.3022222222222222,-0.20953669241756065,-0.6696578015478337,0.14406707532610943,-0.1078733488565402,-0.03673155077305263
1592167979.2993572,0.2721973604060914,9.058131573604062,3.5578026395939086,-0.3022222222222222,-0.2111111111111111,-0.6711111111111111,0.11332582304907486,-0.1118761809228943,-0.03644092436225531
1592167979.3093572,0.2367085683719121,8.964598084030344,3.6476381054269598,-0.3022222222222222,-0.2111111111111111,-0.6711111111111111,0.06416993494164372,-0.12300623569157115,-0.037691216528271704
1592167979.3193572,0.23,8.932220744049033,3.7244547916567683,-0.3022222222222222,-0.2111111111111111,-0.6711111111111111,0.05648095509294259,-0.12289978443022241,-0.04496775887236269
1592167979.3293571,0.22359400180810504,8.95562399276758,3.7271880036162104,-0.3022222222222222,-0.2111111111111111,-0.6711111111111111,0.06371106071015138,-0.11448640161723382,-0.057387513677851124
1592167979.3393571,0.1475977106479356,8.977240228935207,3.72,-0.30704904151235984,-0.2062842918209735,-0.6662842918209735,0.06210300329838896,-0.10069647151832839,-0.07116604997963916
1592167979.3493571,0.0901317609706316,8.994934119514685,3.630395282911895,-0.3088888888888889,-0.20444444444444446,-0.6644444444444444,0.05022133467164594,-0.09138223059555008,-0.07173290361834422
1592167979.359357,0.21738392857142858,9.00763244047619,3.4473511904761907,-0.3088888888888889,-0.20444444444444446,-0.6644444444444444,0.03524974222354694,-0.09277840457150958,-0.052587458624868584
1592167979.369357,0.22887970990129922,9.041120290098702,3.438900362623376,-0.3088888888888889,-0.20444444444444446,-0.6644444444444444,0.017206630272447156,-0.09041675025470697,-0.027386215667415167
1592167979.379357,0.316795788049224,9.022344060557364,3.5053118788852706,-0.3088888888888889,-0.20444444444444446,-0.6644444444444444,-0.014815384418210792,-0.07662674538798343,-0.012012031879491623
1592167979.389357,0.5374691758598313,8.983379623621026,3.53,-0.2960716706323455,-0.21036008363977216,-0.6565569255173408,-0.050501430359073105,-0.05057717266519064,0.005915403320577472
1592167979.399357,0.5662311862760965,9.023618303932675,3.505075254895614,-0.29444444444444445,-0.2111111111111111,-0.6555555555555556,-0.06500589700476664,-0.025565894085106997,0.0178315701796284
1592167979.409357,0.5453825260298778,9.132058246567075,3.416147578089633,-0.29444444444444445,-0.2111111111111111,-0.6555555555555556,-0.10511414633059404,0.025595759144019372,0.013256877857356205
1592167979.419357,0.4650541853065716,9.041744934331714,3.5665462548742854,-0.29444444444444445,-0.2111111111111111,-0.6555555555555556,-0.16867444287030992,0.06924214165503245,0.00454972547154158
1592167979.429357,0.3862533741883709,8.962628036769534,3.7019946012986065,-0.29444444444444445,-0.2111111111111111,-0.6555555555555556,-0.20710642398100237,0.10000066055805867,0.017179848690610993
1592167979.439357,0.4290669342124122,8.882559839472552,3.8548803210548943,-0.30586522383068177,-0.21550371856735623,-0.6678548564330419,-0.21649207442912052,0.1367335357230922,0.037163918397731484
1592167979.449357,0.32711603233411923,8.892342539575614,3.9246850791512293,-0.3088888888888889,-0.21666666666666667,-0.6711111111111111,-0.20148910269127765,0.15995918345679377,0.03731424771134065
1592167979.459357,0.131404600028931,8.864494430782583,3.944831476927528,-0.3088888888888889,-0.21666666666666667,-0.6711111111111111,-0.1826222409906496,0.19081570090401986,0.031597326661394524
1592167979.469357,0.03816517759860537,8.757247766397908,3.978646764000872,-0.3088888888888889,-0.21666666666666667,-0.6711111111111111,-0.17324194634135096,0.19382011606040045,0.04403352745102931
1592167979.479357,-0.05795332136445243,8.742992220227409,4.022480550568522,-0.3088888888888889,-0.21666666666666667,-0.6711111111111111,-0.14716749946499164,0.18953397006261508,0.06500333093828073
1592167979.489357,-0.0751481582166644,8.874259208916678,4.081419736305559,-0.3088888888888889,-0.20009877214444294,-0.6950425143098787,-0.1079666706953698,0.17858650991639238,0.08321287788275704
1592167979.499357,-0.10401505196511768,8.865984948034882,4.135353402620157,-0.3088888888888889,-0.19666666666666666,-0.7,-0.09944603807535295,0.1760961756685631,0.08694003432231191
1592167979.509357,-0.09927861557478368,8.793917923362175,4.177680346106304,-0.3088888888888889,-0.19666666666666666,-0.7,-0.09540834805158792,0.17562375598192942,0.08919508917751126
1592167979.519357,-0.03878962650650332,8.771464937751084,4.244012966866871,-0.3088888888888889,-0.19666666666666666,-0.7,-0.08559196944555054,0.1844685491819885,0.08758606243838117
1592167979.529357,0.00796594569719282,8.776525540727105,4.3189829728485964,-0.3088888888888889,-0.19666666666666666,-0.7,-0.03943606785188177,0.21016991004996488,0.07186531745153826
1592167979.539357,-0.0848967504402113,8.771275812389947,4.241344645429806,-0.30472795830887717,-0.20152108567668037,-0.7,0.032254855207488456,0.21939615682455213,0.04202326494566946
1592167979.549357,-0.23264749864056555,8.773686333152074,4.138411500815661,-0.3022222222222222,-0.20444444444444446,-0.7,0.08055259883239774,0.19203957787116638,0.035768577635525725
1592167979.559357,-0.21930368622541113,8.827208244046902,3.954887198131606,-0.3022222222222222,-0.20444444444444446,-0.7,0.0993668759404572,0.14982501571830642,0.054363599208336784
1592167979.569357,-0.13025367312139402,8.863276961528578,3.9729387307000534,-0.3022222222222222,-0.20444444444444446,-0.7,0.1079737998371819,0.10919376402944903,0.06869466785232586
1592167979.579357,-0.034837005794473574,8.842848752414364,4.090593243722654,-0.3022222222222222,-0.20444444444444446,-0.7,0.11609739236206092,0.08651553553181793,0.06429430331587156
1592167979.589357,0.025691010042780425,8.780162929700538,4.1955280803422434,-0.3022222222222222,-0.2082384511396314,-0.696205993304813,0.1403267965654068,0.07481505897684801,0.05098530964033467
1592167979.599357,-0.007989227187656912,8.75633153786461,4.192010772812343,-0.3022222222222222,-0.2111111111111111,-0.6933333333333334,0.18597783492915734,0.07544814984639504,0.04443356558419957
1592167979.6093569,0.02741658652067766,8.791898103622598,4.016889102611526,-0.3022222222222222,-0.2111111111111111,-0.6933333333333334,0.22973397699458364,0.07814489422394422,0.05198413530020841
1592167979.6193569,0.0883006332399045,8.887826741409738,3.866323575210215,-0.3022222222222222,-0.2111111111111111,-0.6933333333333334,0.2682712767534346,0.0878011769104139,0.05826676078492722
1592167979.6293569,0.06889968162553485,8.98220063674893,3.7466990448766047,-0.3022222222222222,-0.2111111111111111,-0.6933333333333334,0.2788403532291624,0.09298679311483457,0.05076281794401501
1592167979.6393569,0.08639274112943529,8.976328710644678,3.6390501624187905,-0.31192695319007163,-0.2005976525626076,-0.6876722402687545,0.2578155862860498,0.08904764862068568,0.035493329071163815
1592167979.6493568,0.09595167494790832,8.968096650104185,3.567371774322808,-0.31555555555555553,-0.19666666666666666,-0.6855555555555556,0.24759223039950182,0.08417523629065525,0.027659658866461368
1592167979.6593568,0.10393339333933393,9.02876687668767,3.4133663366336635,-0.31555555555555553,-0.19666666666666666,-0.6855555555555556,0.24130630040737083,0.07659085225040599,0.014977077188299675
1592167979.6693568,0.11,9.073538908621247,3.4009234743299968,-0.31555555555555553,-0.19666666666666666,-0.6855555555555556,0.2294266860816004,0.07355552625156035,0.008290243502621596
1592167979.6793568,0.120385612016338,9.098457551934649,3.506735254073521,-0.31555555555555553,-0.19666666666666666,-0.6855555555555556,0.1752648008395053,0.06872233929727672,-0.012944159583355163
1592167979.6893568,0.08944994944388271,8.996278491983244,3.5557928643651597,-0.31555555555555553,-0.19666666666666666,-0.6900611167284575,0.14197395044332092,0.06682662886677385,-0.024803156862928444
1592167979.6993568,0.005726053344492658,8.998243508138229,3.4152694755853137,-0.31555555555555553,-0.19666666666666666,-0.6933333333333334,0.1394347366203439,0.05097783342326785,-0.00776101247343557
1592167979.7093568,-0.0008945780200525603,9.105674097147864,3.261789156040105,-0.31555555555555553,-0.19666666666666666,-0.6933333333333334,0.15115359596768738,0.020497170180903426,0.014523032004634017
1592167979.7193568,0.038251995579024936,9.202587989684393,3.2625879896843917,-0.31555555555555553,-0.19666666666666666,-0.6933333333333334,0.13252416504866246,-0.02175595886762353,0.015180002776732579
1592167979.7293568,0.08971662624835303,9.210141686875824,3.3396457828104413,-0.31555555555555553,-0.19666666666666666,-0.6933333333333334,0.08260115041734023,-0.05226714371645548,7.727820281200337e-05
1592167979.7393568,0.18219708396178985,9.122143790849673,3.436977375565611,-0.3225151667504609,-0.193186861069214,-0.681154013742249,0.026929425631277263,-0.0665886106686288,-0.02855914546700701
1592167979.7493567,0.2171663034911215,9.06,3.4671663034911213,-0.3288888888888889,-0.19,-0.67,0.006935845917220094,-0.06413166071350478,-0.06432320976949743
1592167979.7593567,0.1803861893155035,9.048154475726202,3.4481544757262013,-0.3288888888888889,-0.19,-0.67,-0.0076686240689566145,-0.057654842722864016,-0.07591339711788889
1592167979.7693567,0.14290678393771178,8.994418090500565,3.5311638189988708,-0.3288888888888889,-0.19,-0.67,-0.036099098772550145,-0.05578459287499658,-0.0670352516484485
1592167979.7793567,0.12052778817549598,9.007361059122521,3.604736105912252,-0.3288888888888889,-0.19,-0.67,-0.04811169994753779,-0.056723200689815706,-0.0568959189663563
1592167979.7893567,0.1295404954434604,9.05022975227827,3.61977024772173,-0.3288888888888889,-0.19434233232076897,-0.6835697885024031,-0.03569009024574594,-0.05246012590282404,-0.0667728170516753
1592167979.7993567,0.12639310031774853,9.004589650476623,3.6359017249205627,-0.3288888888888889,-0.1988888888888889,-0.6977777777777778,-0.036677117781136054,-0.04928411107247934,-0.08200903454737303
1592167979.8093567,0.138125,8.951875,3.55,-0.3288888888888889,-0.1988888888888889,-0.6977777777777778,-0.05576872375513131,-0.05876850840699656,-0.06388177769994871
1592167979.8193567,0.1201202087193992,8.95848556520043,3.54836535648103,-0.3288888888888889,-0.1988888888888889,-0.6977777777777778,-0.06373755753974214,-0.07290735048037246,-0.04908738521234052
1592167979.8293567,0.16416361416361416,8.95682387057387,3.6046352258852257,-0.3288888888888889,-0.1988888888888889,-0.6977777777777778,-0.057200688889479906,-0.07044982101265879,-0.024311774523139495
1592167979.8393567,0.23263660344177867,9.047202926767994,3.6490676422559982,-0.3288888888888889,-0.20419437117056763,-0.6948838783514076,-0.047810650063036864,-0.053983826024401216,-0.006527480156294661
1592167979.8493567,0.2373444286955329,9.085153399478761,3.7054688857391067,-0.3288888888888889,-0.2111111111111111,-0.6911111111111111,-0.06739345194101339,-0.032792804262008014,-0.02012922197641533
1592167979.8593566,0.21223189866129266,8.873233530060938,3.694077299553764,-0.3288888888888889,-0.2111111111111111,-0.6911111111111111,-0.12091357539166811,-0.019433652074980764,-0.021371851263658613
1592167979.8693566,0.1382811392943177,8.78057295356856,3.664140569647159,-0.3288888888888889,-0.2111111111111111,-0.6911111111111111,-0.1568154652135287,-0.018669122380345207,0.010539132889600757
1592167979.8793566,0.1692427917003503,8.857706047657542,3.7304009315933326,-0.3288888888888889,-0.2111111111111111,-0.6911111111111111,-0.14805658463800933,-0.029496165979772563,0.05928629819478655
1592167979.8893566,0.25404008367636144,8.945959916323638,3.89656117146906,-0.33427566712403745,-0.20841772199353684,-0.6848265365034378,-0.11262137732873592,-0.04365509355388358,0.08111845816049072
1592167979.8993566,0.2543618503553017,8.945638149644697,3.9348948028424133,-0.3422222222222222,-0.20444444444444446,-0.6755555555555556,-0.08111619541095806,-0.045675670209595925,0.06173673617698697
1592167979.9093566,0.22322171861992415,8.91786606234391,3.841087780963833,-0.3422222222222222,-0.20444444444444446,-0.6755555555555556,-0.06701077121259562,-0.04005037030127655,0.047763777941524824
1592167979.9193566,0.16375044419701026,8.952142095662268,3.7330364123095876,-0.3422222222222222,-0.20444444444444446,-0.6755555555555556,-0.04195823454549823,-0.03204320269021062,0.02947209714397534
1592167979.9293566,0.10060163392336122,9.01,3.671600466835246,-0.3422222222222222,-0.20444444444444446,-0.6755555555555556,-0.023889321446236574,-0.025154736077758137,0.008399778953915278
1592167979.9393566,0.048094661385879346,9.037779123432948,3.656031553795293,-0.34751348382849806,-0.19871224437097895,-0.6808468171618314,-0.028950701097106117,-0.022890236506820413,-0.005419734061271956
1592167979.9493566,0.013851673819742488,9.055777510729614,3.6540370815450642,-0.35555555555555557,-0.19,-0.6888888888888889,-0.05069949265855493,-0.029702957036558605,-0.019485552402828794
1592167979.9593565,0.03436611050328228,8.978098673413566,3.662464783916849,-0.35555555555555557,-0.19,-0.6888888888888889,-0.0702740729384333,-0.039208444509808336,-0.03269419164486164
1592167979.9693565,0.14136046427971893,8.802267440466197,3.7129593035804214,-0.35555555555555557,-0.19,-0.6888888888888889,-0.09148138209822188,-0.062773506613193,-0.03562513800119532
1592167979.9793565,0.1650599258247121,8.793261370290844,3.7678657036892442,-0.35555555555555557,-0.19,-0.6888888888888889,-0.08503510361043415,-0.07760855389384858,-0.004177607219680652
1592167979.9893565,0.27502534562211983,8.938651086240947,3.7907251481237654,-0.35277496159754224,-0.19516396020773902,-0.6813415624314242,-0.05733389357818634,-0.08017329773500853,0.04090891912209808
1592167979.9993565,0.27951981225742395,9.05469988266089,3.7796398591930678,-0.3477777777777778,-0.20444444444444446,-0.6677777777777778,-0.04153014027051224,-0.06588395408220246,0.022080486621775898
1592167980.0093565,0.20224983526310836,8.940343358749882,3.6697808999341053,-0.3477777777777778,-0.20444444444444446,-0.6677777777777778,-0.06807133727775946,-0.05723793871155713,-0.01704770945648049
1592167980.0193565,0.2248153071883012,8.900185642389138,3.6031483239958217,-0.3477777777777778,-0.20444444444444446,-0.6677777777777778,-0.09912426243567275,-0.06437926661055156,-0.010160698749599621
1592167980.0293565,0.28879638936137314,8.992407221277254,3.659876295036338,-0.3477777777777778,-0.20444444444444446,-0.6677777777777778,-0.10175033223381422,-0.07647595420999638,0.020580997195726244
1592167980.0393565,0.22507638146727857,9.024010184195637,3.7429439869239958,-0.3441173347862227,-0.20211507163163667,-0.6677777777777778,-0.09402183698732733,-0.08334058270613882,0.01354407647750959
1592167980.0493565,0.11544069211856937,8.982644152711416,3.8382372315257225,-0.33555555555555555,-0.19666666666666666,-0.6677777777777778,-0.12013739860988379,-0.08230965202562852,-0.022844547946428304
1592167980.0593565,0.11,8.93686856249852,3.86,-0.33555555555555555,-0.19666666666666666,-0.6677777777777778,-0.14140034462605844,-0.08242566692822924,-0.048070115059412166
1592167980.0693564,0.1360383028452861,8.889621980013832,3.907736888549691,-0.33555555555555555,-0.19666666666666666,-0.6677777777777778,-0.1412933764363482,-0.08654620573183472,-0.06549108253351835
1592167980.0793564,0.15164684539407378,8.84265873815763,4.003035678290667,-0.33555555555555555,-0.19666666666666666,-0.6677777777777778,-0.12874617713203382,-0.09472263511220484,-0.07061397751977562
1592167980.0893564,0.06966490615582013,8.817416226538954,4.047416226538955,-0.3460420334397597,-0.19456937108982583,-0.6702246226174254,-0.10498981816989023,-0.1002337855423715,-0.07474018513502005
1592167980.0993564,-0.08659485164430354,8.811179478020138,3.9903487307718066,-0.3688888888888889,-0.19,-0.6755555555555556,-0.07672959883928801,-0.10980246496760596,-0.08534212322105246
1592167980.1093564,-0.1222706726281138,8.84,3.93019333759151,-0.3688888888888889,-0.19,-0.6755555555555556,-0.06851682705655139,-0.12795386659504293,-0.07564155510996692
1592167980.1193564,-0.046878263979969005,8.827579348992488,3.9745239060450697,-0.3688888888888889,-0.19,-0.6755555555555556,-0.06699230534753846,-0.16088746060594117,-0.035462080243420915
1592167980.1293564,0.0,8.816673197717973,4.073326802282026,-0.3688888888888889,-0.19,-0.6755555555555556,-0.06799547498920282,-0.18871906857574283,-0.008722371696886892
1592167980.1393564,0.002466424127027303,8.852197817143246,4.052600727618918,-0.3656003233861858,-0.18862976437387372,-0.6758296026807808,-0.06737711361705007,-0.19962203319685143,-0.0005380902720906662
1592167980.1493564,0.028286083962939856,8.942857604953675,4.016285437027795,-0.35555555555555557,-0.18444444444444444,-0.6766666666666666,-0.06576156329455564,-0.19712865528709023,-0.006669741802563068
1592167980.1593564,0.062395072788353864,8.928683090705487,4.012395072788354,-0.35555555555555557,-0.18444444444444444,-0.6766666666666666,-0.07458140764176564,-0.18830881093988025,-0.026421460686202963
1592167980.1693563,0.09129304572412474,8.851178257126458,4.014942605701167,-0.35555555555555557,-0.18444444444444444,-0.6766666666666666,-0.08290313946973066,-0.17259579796950608,-0.07072207399511041
1592167980.1793563,0.08240241168740821,8.8230663987014,4.008398392208394,-0.35555555555555557,-0.18444444444444444,-0.6766666666666666,-0.0752098186514761,-0.15332778862770313,-0.1258950428781405
1592167980.1893563,0.013711668107173725,8.83,4.058384442523768,-0.3611451839047345,-0.18560895035052338,-0.6792285796600404,-0.05895728247218702,-0.13744467859455345,-0.15183964741052675
1592167980.1993563,0.04566094468753506,8.808591944350948,4.1114080556490515,-0.38222222222222224,-0.19,-0.6888888888888889,-0.06420228802860976,-0.14258224313553772,-0.08947318891779535
1592167980.2093563,0.024203431657858585,8.772336274532629,4.090185784462086,-0.38222222222222224,-0.19,-0.6888888888888889,-0.052074122712330286,-0.14568189476022966,-0.06457333230291559
1592167980.2193563,-0.21341988496302383,8.814404272801973,3.9918652423993426,-0.38222222222222224,-0.19,-0.6888888888888889,-0.0186740908155556,-0.1332961155758956,-0.09259064899908291
1592167980.2293563,-0.34077396162674867,8.913204339728875,3.9824303781021264,-0.38222222222222224,-0.19,-0.6888888888888889,0.00113304384084288,-0.12112442991545304,-0.10820331275888126
1592167980.2393563,-0.2741649850180395,8.86832997003608,3.9880181006543145,-0.39083389388287576,-0.19,-0.6774066600080175,-0.005318075223783401,-0.12101417751275716,-0.09532258779164836
1592167980.2493563,-0.22,8.76,3.9,-0.4088888888888889,-0.19,-0.6533333333333333,-0.014180800172453926,-0.12544553998709243,-0.0916297857297023
1592167980.2593563,-0.12638609854796476,8.926859557248275,3.8397895739109735,-0.4088888888888889,-0.19,-0.6533333333333333,0.00038847701349510773,-0.12835250924662173,-0.059230215973082374
1592167980.2693563,-0.1227369068458154,8.976801343615461,3.8229677816151773,-0.4088888888888889,-0.19,-0.6533333333333333,0.0015027113935152485,-0.12365057450258615,-0.048339177581899415
1592167980.2793562,-0.2954664621120907,8.900779314094846,3.965938555948266,-0.4088888888888889,-0.19,-0.6533333333333333,-0.02512384918053291,-0.11475874957177881,-0.0515755741673735
1592167980.2893562,-0.19174675108297234,8.821375541486171,4.014126624458513,-0.406901995631086,-0.18831878262801288,-0.6504294124180828,-0.05235987755982988,-0.11070503930184675,-0.043061608344658664
1592167980.2993562,-0.14,8.841362307220676,4.017275385558647,-0.39444444444444443,-0.17777777777777778,-0.6322222222222222,-0.046575845470798655,-0.0916803838561271,-0.0633008542310372
1592167980.3093562,-0.14347549019607844,8.842622549019607,3.9417696078431375,-0.39444444444444443,-0.17777777777777778,-0.6322222222222222,-0.0348135435907913,-0.06986664217695437,-0.07213439381840903
1592167980.3193562,-0.18995557605476526,8.8007794824489,3.87,-0.39444444444444443,-0.17777777777777778,-0.6322222222222222,-0.03858968141013146,-0.05261496259473274,-0.06613491961022251
1592167980.3293562,-0.28,8.816113569037817,3.8725795406455585,-0.39444444444444443,-0.17777777777777778,-0.6322222222222222,-0.06094396420112956,-0.04975427214207742,-0.022421560278470892
1592167980.3393562,-0.273211921642418,8.92339403917879,3.88,-0.39607861145645495,-0.17777777777777778,-0.6324736325317624,-0.07111109047354296,-0.06281427427930619,0.023277678673748
1592167980.3493562,-0.2019792777339947,8.946395855546799,3.8475626999211903,-0.4088888888888889,-0.17777777777777778,-0.6344444444444445,-0.05956388162143482,-0.07950336414604438,0.01674431066603757
1592167980.3593562,-0.1216389943606911,8.923879664786897,3.773879664786897,-0.4088888888888889,-0.17777777777777778,-0.6344444444444445,-0.07322280972463724,-0.08578818334970814,-0.0014067646299691426
1592167980.3693562,0.021955850937574174,8.876014716354142,3.7651735105625446,-0.4088888888888889,-0.17777777777777778,-0.6344444444444445,-0.08848690883194417,-0.08360512390303337,-0.005278657804156598
1592167980.3793561,0.11404657561167339,8.867348727522845,3.8459534243883264,-0.4088888888888889,-0.17777777777777778,-0.6344444444444445,-0.0893923231914002,-0.06572385695395105,-0.01012188496447753
1592167980.3893561,0.05827378823835376,8.958273788238355,3.900863105880823,-0.4071626771272427,-0.17662696993668028,-0.6319510274553999,-0.08369531361394536,-0.03351053724412831,-0.017979221824426402
1592167980.3993561,0.04976614515939302,8.913956946241617,3.9295322903187864,-0.3888888888888889,-0.16444444444444445,-0.6055555555555555,-0.1228047055163137,0.012885892542941549,-0.003831676253378446
1592167980.409356,0.07601890684863187,8.832914919181157,3.9609716397270525,-0.3888888888888889,-0.16444444444444445,-0.6055555555555555,-0.17303876077991812,0.03678059033399382,0.01735761515381061
1592167980.419356,0.07416377548595599,8.791114966018725,3.9531968537617033,-0.3888888888888889,-0.16444444444444445,-0.6055555555555555,-0.1945612647687845,0.05673934981717409,0.022952109267800353
1592167980.429356,0.03215261422515309,8.832779086198775,4.007220913801225,-0.3888888888888889,-0.16444444444444445,-0.6055555555555555,-0.187940946522676,0.07504741086229384,0.011143121610928234
1592167980.439356,0.035082214133299865,8.766311660599975,4.06754110706665,-0.3914160844037209,-0.16478595735185417,-0.6064434891148208,-0.19368055162494896,0.0869803026479884,0.011932082704896983
1592167980.449356,0.061346059372587546,8.7634881980022,4.063782019790863,-0.43,-0.17,-0.62,-0.20565831057554912,0.09987977565855712,0.027183930786524542
1592167980.459356,0.3356675812677301,8.863442310375296,4.16566758126773,-0.43,-0.17,-0.62,-0.21100293459339842,0.10344117543114931,0.0784070579266028
1592167980.469356,0.35362334905660375,8.745612735849056,4.229183018867925,-0.43,-0.17,-0.62,-0.20930583201418154,0.11797638492964112,0.09927138981392422
1592167980.479356,0.24741203838325096,8.688706019191626,4.291882330134729,-0.43,-0.17,-0.62,-0.22028363910867926,0.15233123581587468,0.07833448597436651
1592167980.489356,0.14986885245901638,8.640284153005465,4.2998032786885245,-0.42998299939283546,-0.17,-0.61997328476017,-0.22463722697731386,0.17892962894352796,0.07748475050093678
1592167980.499356,0.09501022635872687,8.780020452717453,4.227535792255544,-0.4222222222222222,-0.17,-0.6077777777777778,-0.18379048505569306,0.193348082913463,0.0990034909771009
1592167980.509356,0.12327593567667569,8.803362032161662,4.268936720269437,-0.4222222222222222,-0.17,-0.6077777777777778,-0.16615423641761212,0.1940331101191013,0.11574404877067461
1592167980.519356,0.18070354356612464,8.7714371651471,4.268532756838049,-0.4222222222222222,-0.17,-0.6077777777777778,-0.18963794274884177,0.21091406451119404,0.11975787097853574
1592167980.529356,0.19460170378119862,8.734557507953115,4.442654952281316,-0.4222222222222222,-0.17,-0.6077777777777778,-0.23204288325337347,0.23887747831580408,0.11791108231574111
1592167980.539356,0.07785892560019016,8.701435702400762,4.609269669598288,-0.4224601193777566,-0.16833471991125903,-0.6102756979108892,-0.24111615881528634,0.27032958987761674,0.11111085151670372
1592167980.549356,0.031728171961194596,8.590419440745674,4.781308731215522,-0.42444444444444446,-0.15444444444444444,-0.6311111111111111,-0.19181508157939833,0.28966407602376365,0.08206945383602794
1592167980.559356,-0.04,8.49,4.81,-0.42444444444444446,-0.15444444444444444,-0.6311111111111111,-0.15817046346198613,0.296705972839036,0.05781403147231216
1592167980.569356,-0.4245597855227882,8.694548525469168,4.441828418230563,-0.42444444444444446,-0.15444444444444444,-0.6311111111111111,-0.06080086068083571,0.2862962887363654,0.027370494306870188
1592167980.579356,-0.3641258244145176,8.667744757316061,4.332937087792741,-0.42444444444444446,-0.15444444444444444,-0.6311111111111111,0.045624177337260936,0.2529106527267635,0.014543146750850425
1592167980.589356,-0.5560352855468627,8.671208387444173,4.237413449051345,-0.42444444444444446,-0.15272007714534083,-0.6284287619791721,0.08664588004976814,0.21056738041235912,-0.012205757595751814
1592167980.599356,-0.62,8.79,4.21,-0.42444444444444446,-0.13444444444444445,-0.6,0.0916297857297023,0.16471544815696484,0.008726646259971648
1592167980.609356,-0.2675721033062004,8.751790774796502,4.381502361571701,-0.42444444444444446,-0.13444444444444445,-0.6,0.09281499951930652,0.10332604367672338,0.01830416464673834
1592167980.619356,-0.2581878832013907,8.60198665695694,4.315087270079166,-0.42444444444444446,-0.13444444444444445,-0.6,0.0664191639647394,0.07298318803746708,-0.02344334213479933
1592167980.629356,-0.2962840409956076,8.549636896046852,4.294954612005856,-0.42444444444444446,-0.13444444444444445,-0.6,0.054086680256806706,0.04707054610233096,-0.019694366830337186
1592167980.639356,-0.27172005856515374,8.811652708638361,4.327706588579795,-0.42444444444444446,-0.13444444444444445,-0.6,0.08713402967367753,0.026527599167519376,0.02317787025100874
1592167980.649356,-0.1611914009574564,8.901606449281907,4.18300537440159,-0.4033333333333333,-0.13333333333333333,-0.6,0.15470009730734757,0.006132462268945222,0.03986352959131994
1592167980.6593559,-0.23106794502327643,8.839320549767235,4.120776989581024,-0.4033333333333333,-0.13333333333333333,-0.6,0.16305278361412512,-0.011331908539493082,-0.0009213179519644188
1592167980.6693559,-0.2215479640803915,8.784597567349266,3.957693495510049,-0.4033333333333333,-0.13333333333333333,-0.6,0.12410647743604146,-0.029030289410131842,-0.03650061704190402
1592167980.6793559,-0.14836329694411754,8.909697252546568,3.9635761535651963,-0.4033333333333333,-0.13333333333333333,-0.6,0.10123570154050161,-0.047718943949870224,-0.03458253644900659
1592167980.6893559,-0.1,8.94557615629984,4.022527910685805,-0.40375465178096753,-0.13333333333333333,-0.5991573631047316,0.0984951041054261,-0.05583918411668012,-0.02073796320152752
1592167980.6993558,-0.1,8.88,4.06,-0.41,-0.13333333333333333,-0.5866666666666667,0.07090400086226964,-0.05890486225480862,-0.0370882466048795
1592167980.7093558,-0.0487003356490516,8.753032550152213,3.979566778549684,-0.41,-0.13333333333333333,-0.5866666666666667,0.02091873019200818,-0.056864972077908485,-0.057766774342947906
1592167980.7193558,-0.015103373231773668,8.811430903155603,3.976120783460283,-0.41,-0.13333333333333333,-0.5866666666666667,0.001357900342955327,-0.0593280191361579,-0.057123805030504016
1592167980.7293558,0.011520597502625744,8.746231376667835,4.0313058699964985,-0.41,-0.13333333333333333,-0.5866666666666667,0.0021419865044399813,-0.054233219349445694,-0.06009846629576411
1592167980.7393558,-0.061900455128953216,8.713599797720466,4.129200606838604,-0.41,-0.13333333333333333,-0.5866666666666667,-0.007646784464804532,-0.05156355453965174,-0.060988354565695437
1592167980.7493558,-0.00943608340888486,8.67117951042611,4.281743427017226,-0.41,-0.13777777777777778,-0.5811111111111111,-0.021559286393713725,-0.045428898980528064,-0.04350456667175054
1592167980.7593558,-0.07923556745290167,8.684586595282589,4.212355674529016,-0.41,-0.13777777777777778,-0.5811111111111111,-0.019968500706343022,-0.042709173828065196,-0.042042080585251565
1592167980.7693558,-0.07974667180731636,8.75583834168689,4.127310003855487,-0.41,-0.13777777777777778,-0.5811111111111111,-0.02399827721492203,-0.04459116246192581,-0.03254202569123195
1592167980.7793558,-0.14114070233325476,8.865570351166626,4.181898420928588,-0.41,-0.13777777777777778,-0.5811111111111111,-0.025654962004553698,-0.043081003036647685,-0.005633988023336927
1592167980.7893558,-0.02581310393589442,8.807906551967948,4.206611477728022,-0.41,-0.13777777777777778,-0.5811111111111111,-0.04722117247367877,-0.035892266213605986,0.02042518296018921
1592167980.7993557,-0.07,8.86,4.23,-0.42777777777777776,-0.13777777777777778,-0.5511111111111111,-0.038179077387375956,-0.015271630954950384,0.006544984694978735
1592167980.8093557,-0.2143848789654029,8.898502634390775,4.1914973656092265,-0.42777777777777776,-0.13777777777777778,-0.5511111111111111,-0.011929165636961538,0.015178266675530346,-0.054354810565982715
1592167980.8193557,-0.31531576057111477,8.639335529928612,4.078638110928062,-0.42777777777777776,-0.13777777777777778,-0.5511111111111111,-0.057654689908257215,0.032724923474893676,-0.10886563092726986
1592167980.8293557,-0.3845444660028571,8.62211978422635,4.203637022664762,-0.42777777777777776,-0.13777777777777778,-0.5511111111111111,-0.117975229548918,0.030939604149181846,-0.10448812714236969
1592167980.8393557,-0.3040585488582333,8.505862348350782,4.257294300761178,-0.42777777777777776,-0.13777777777777778,-0.5511111111111111,-0.13651004958889001,0.0046006493555373895,-0.08497779025818859
1592167980.8493557,-0.42,8.51,4.33,-0.4088888888888889,-0.13777777777777778,-0.5455555555555556,-0.09490227807719166,-0.02181661564992912,-0.05563236990731925
1592167980.8593557,-0.3004935261271366,8.722961156762821,4.346545317110043,-0.4088888888888889,-0.13777777777777778,-0.5455555555555556,-0.07730160330941699,-0.045208580224656895,0.02123589075967418
1592167980.8693557,-0.3169495709415775,8.782084871282473,4.28,-0.4088888888888889,-0.13777777777777778,-0.5455555555555556,-0.05201035521976536,-0.05385926659308339,0.07217596571827668
1592167980.8793557,-0.40813137301399094,8.799255394830448,4.285605880958027,-0.4088888888888889,-0.13777777777777778,-0.5455555555555556,-0.03226629341149168,-0.04441830870675336,0.05836500836743132
1592167980.8893557,-0.37497747213659,8.608620464785393,4.385067583590231,-0.4088888888888889,-0.13777777777777778,-0.5455555555555556,-0.024129101893187996,-0.03899351436121757,0.0294327718579071
1592167980.8993556,-0.43925973667249796,8.598592210662002,4.425703894668999,-0.4088888888888889,-0.13111111111111112,-0.5288888888888889,-0.021889431441965757,-0.04071221324786158,-0.009853884938486423
1592167980.9093556,-0.3385471322598154,8.677873846571377,4.3749681110910075,-0.4088888888888889,-0.13111111111111112,-0.5288888888888889,-0.0007715451848153195,-0.04457021685077228,-0.00015384523158241145
1592167980.9193556,-0.191661505506531,8.781246129129897,4.179376935435051,-0.4088888888888889,-0.13111111111111112,-0.5288888888888889,0.046335964003496925,-0.05679116649050863,0.011636654337098738
1592167980.9293556,-0.26978765512584696,8.839840741344386,4.1500796293278075,-0.4088888888888889,-0.13111111111111112,-0.5288888888888889,0.07083740656876558,-0.0599870068251089,-0.005407827447435981
1592167980.9393556,-0.1617576686505962,8.781715667734936,4.241589664987957,-0.4088888888888889,-0.13111111111111112,-0.5288888888888889,0.036390042814621854,-0.06726178946838882,-0.011811988289680556
1592167980.9493556,-0.16,8.66,4.37,-0.4211111111111111,-0.11,-0.49333333333333335,-0.02617993877991494,-0.044724062082354694,-0.00545415391248228
1592167980.9593556,-0.2870886075949367,8.604398734177215,4.3302848101265825,-0.4211111111111111,-0.11,-0.49333333333333335,-0.02617993877991494,-0.044724062082354694,-0.00545415391248228
1592167980.9693556,-0.42999183044675787,8.700011437374538,4.320016339106485,-0.4211111111111111,-0.11,-0.49333333333333335,-0.020718655587308045,-0.04036287773640626,0.020730062435507436
1592167980.9793556,-0.3810410344988563,8.7685425517016,4.417917931002288,-0.4211111111111111,-0.11,-0.49333333333333335,0.02199897245083103,-0.05317816614784797,0.04636063925839088
1592167980.9893556,-0.3067513233807173,8.696751323380717,4.42,-0.4211111111111111,-0.11,-0.49333333333333335,0.043326823747638535,-0.053450708342326333,0.018496155208790447
1592167980.9993556,-0.2367788292253521,8.702761003521125,4.337238996478873,-0.4011111111111111,-0.11,-0.4955555555555556,0.05816540669597855,-0.040799015748056326,0.008676449799447879
1592167981.0093555,-0.17216593309859157,8.758143485915493,4.281856514084507,-0.4011111111111111,-0.11,-0.4955555555555556,0.0652135803001102,-0.02770955048324041,0.0076695678560005
1592167981.0193555,-0.20884063525522792,8.808550794069035,4.1731882530481235,-0.4011111111111111,-0.11,-0.4955555555555556,0.06862748899089634,-0.009264131329460527,-0.022022176906208606
1592167981.0293555,-0.4318195432422314,8.773030076126295,4.15613627854736,-0.4011111111111111,-0.11,-0.4955555555555556,0.06620184361052746,-0.008726646259971648,-0.032989429179422644
1592167981.0393555,-0.660228378884313,8.734961936852615,4.14186072631973,-0.4011111111111111,-0.11,-0.4955555555555556,0.06360647497602166,-0.008726646259971648,-0.04337090371744583
1592167981.0493555,-0.52,8.76,4.25,-0.41333333333333333,-0.10222222222222223,-0.4888888888888889,0.025089107997418484,-0.06544984694978735,-0.0272707695624114
1592167981.0593555,-0.52,8.76,4.25,-0.41333333333333333,-0.10222222222222223,-0.4888888888888889,0.025089107997418484,-0.06544984694978735,-0.0272707695624114
1592167981.0693555,-0.4984976862330869,8.734197223479704,4.211295835219556,-0.41333333333333333,-0.10222222222222223,-0.4888888888888889,0.03400215458312003,-0.07530110896556275,-0.03290006214285448
1592167981.0793555,-0.47212640209245005,8.70255168251094,4.16382752376641,-0.41333333333333333,-0.10222222222222223,-0.4888888888888889,0.044933465818655566,-0.08738308454168098,-0.03980404818635061
1592167981.0893555,-0.3615128009324384,8.83173445601061,4.152250914352317,-0.41333333333333333,-0.10222222222222223,-0.4888888888888889,0.029754304659532414,-0.08920258749828235,-0.021764268398841914
1592167981.0993555,-0.30082692782174647,8.840826927821746,4.179173072178254,-0.41333333333333333,-0.10676025567217277,-0.4759230790318873,0.011723496233565934,-0.08499292024342521,-0.04118431215603015
1592167981.1093554,-0.3565771669290668,8.785965703587081,4.0383370920386366,-0.41333333333333333,-0.11,-0.4666666666666667,-0.02473444062117682,-0.06603390395741057,-0.07004255971115471
1592167981.1193554,-0.4066058759106709,8.82575734488834,3.991697062044665,-0.41333333333333333,-0.11,-0.4666666666666667,-0.0534109208855675,-0.059275103758433915,-0.08297580611725755
1592167981.1293554,-0.40082105615612745,8.784105280780636,4.063431550750981,-0.41333333333333333,-0.11,-0.4666666666666667,-0.08066405614657562,-0.05690232735566811,-0.0950079121974999
1592167981.1393554,-0.4150603234195655,8.651987250933692,4.213073072485872,-0.41333333333333333,-0.11,-0.4666666666666667,-0.10590270960231074,-0.06247309322296073,-0.09188604276458454
1592167981.1493554,-0.46,8.6,4.33,-0.4011111111111111,-0.10222222222222223,-0.4666666666666667,-0.10144726277217041,-0.05999569303730508,-0.04799655442984406
1592167981.1593554,-0.46,8.6,4.33,-0.4011111111111111,-0.10222222222222223,-0.4666666666666667,-0.10144726277217041,-0.05999569303730508,-0.04799655442984406
1592167981.1693554,-0.39163338151567895,8.853933154370335,4.232333402165256,-0.4011111111111111,-0.10222222222222223,-0.4666666666666667,-0.017282455013696116,-0.04508041064972736,-0.05758495025042974
1592167981.1793554,-0.5096204555364077,8.808734090484396,4.208639204368499,-0.4011111111111111,-0.10222222222222223,-0.4666666666666667,-0.05907753617225049,-0.053578447179468545,-0.057348011204043016
1592167981.1893554,-0.6315401864501796,8.756482777235638,4.186867823848182,-0.4011111111111111,-0.10222222222222223,-0.4666666666666667,-0.10372545322437965,-0.0626030261580904,-0.056873033363062916
1592167981.1993554,-0.5921826723281236,8.653536302586804,4.283756436895835,-0.40783606535435973,-0.10222222222222223,-0.43015977220331725,-0.14327538544044605,-0.0918586805076839,-0.0369165755213933
1592167981.2093554,-0.5439836499158451,8.676016350084154,4.209959124789613,-0.4088888888888889,-0.10222222222222223,-0.42444444444444446,-0.11386757379380136,-0.11367259336492233,-0.028904786339269517
1592167981.2193553,-0.4633279996394123,8.782229333814117,4.089251555034707,-0.4088888888888889,-0.10222222222222223,-0.42444444444444446,-0.08415376471914829,-0.11376948120798192,-0.02278585513498062
1592167981.2293553,-0.382276469461995,8.808465441317251,4.103861765269003,-0.4088888888888889,-0.10222222222222223,-0.42444444444444446,-0.09348219308665277,-0.11159952858437655,-0.02181661564992912
1592167981.2393553,-0.3622728458962203,8.755909921273542,4.071364229481101,-0.4088888888888889,-0.10222222222222223,-0.42444444444444446,-0.11200824221893195,-0.1011499187456424,-0.018445008626930416
1592167981.2493553,-0.1645310657314878,8.74,4.118640680280554,-0.4099748274126028,-0.08701908289022683,-0.4526788460610073,-0.11565277607451144,-0.08005077033032212,-0.0025276453834124323
1592167981.2593553,-0.18239877006628863,8.754932513377526,4.1946625668876285,-0.41,-0.08666666666666667,-0.4533333333333333,-0.12377248557074695,-0.06415624413260833,0.010849414636803263
1592167981.2693553,-0.19905778478919112,8.723768860843236,4.3015200631027195,-0.41,-0.08666666666666667,-0.4533333333333333,-0.17297476997519473,-0.051988504926314134,0.02218798828344487
1592167981.2793553,-0.27285023694425264,8.638043483437716,4.4739130331245685,-0.41,-0.08666666666666667,-0.4533333333333333,-0.23243917321445132,-0.050275705765196535,0.027874151493110032
1592167981.2893553,-0.3869769303107305,8.607076372076271,4.5664120930790935,-0.41,-0.08666666666666667,-0.4533333333333333,-0.24113521711565378,-0.053512322526263346,0.016692227484915556
1592167981.2993553,-0.43829122562251677,8.554271935943708,4.617436838433775,-0.41508089600625464,-0.081585770660412,-0.413702344484547,-0.18130890624039425,-0.051548644331028425,-0.011850820558329
1592167981.3093553,-0.40482502865619313,8.558793742835952,4.576031285820242,-0.41555555555555557,-0.0811111111111111,-0.41,-0.11998734078480924,-0.05318754385309619,-0.017058545786098073
1592167981.3193552,-0.2529460247261031,8.725435722183134,4.321846416725299,-0.41555555555555557,-0.0811111111111111,-0.41,-0.09130162646424729,-0.04442758942823162,-0.0054224673011503376
1592167981.3293552,-0.1480650522317189,8.689853664853665,4.350146335146335,-0.41555555555555557,-0.0811111111111111,-0.41,-0.08033126316354167,-0.029957939798106663,-0.010745125830803226
1592167981.3393552,-0.37312606457292685,8.653716101127252,4.445422671336434,-0.41555555555555557,-0.0811111111111111,-0.41,-0.07638946989166345,-0.02225329451688819,-0.037086513835077065
1592167981.3493552,-0.44266848474518494,8.541717402420316,4.612853246974604,-0.4055452909872545,-0.07565096680112872,-0.41,-0.08152122215696721,-0.026782266273178198,-0.05732552818307896
1592167981.3593552,-0.5859088747027162,8.584197771936413,4.713368882213043,-0.4033333333333333,-0.07444444444444444,-0.41,-0.07389942301025447,-0.03436407798455865,-0.05890486225480862
1592167981.3693552,-0.6956605773935737,8.528503914532703,4.6585039145327025,-0.4033333333333333,-0.07444444444444444,-0.41,-0.052961115518034285,-0.04385082811065471,-0.062631630200962
1592167981.3793552,-0.697397157816006,8.440356020942408,4.664082273747195,-0.4033333333333333,-0.07444444444444444,-0.41,-0.01667918612769749,-0.07588004943552759,-0.03926387066217572
1592167981.3893552,-0.42387404122722916,8.739281519654842,4.497377756471716,-0.4033333333333333,-0.07444444444444444,-0.41,0.022522831839651775,-0.08699819980421279,-0.017645599816330196
1592167981.3993552,-0.30465077879905333,8.88302383180142,4.376277725796687,-0.4144188819784615,-0.06762256835513482,-0.41,0.023439863592378162,-0.08191359282670646,-0.023465860054969444
1592167981.4093552,-0.3228345794604913,8.654042678908256,4.443726791355135,-0.4177777777777778,-0.06555555555555556,-0.41,-0.018558327925723858,-0.0655157385530843,-0.060482319136898416
1592167981.4193552,-0.43048913043478265,8.448591137123746,4.439080267558528,-0.4177777777777778,-0.06555555555555556,-0.41,0.004871343820496296,-0.049281655243002515,-0.08102245964238308
1592167981.4293551,-0.5380678726552433,8.691044341558875,4.344125340079232,-0.4177777777777778,-0.06555555555555556,-0.41,0.03570975222287501,-0.04922124640950525,-0.06355584898430248
1592167981.4393551,-0.5664171238244514,8.692994514106584,4.390588362068965,-0.4177777777777778,-0.06555555555555556,-0.41,-0.0040484055833540575,-0.06697820688156413,-0.030514046281380536
1592167981.4493551,-0.5140548667184702,8.554094057231662,4.509921618973614,-0.401793453983055,-0.07088366348712982,-0.4002318021254472,-0.053863100533148175,-0.07984539326128676,0.010010848072427189
1592167981.459355,-0.4627702149817749,8.623074462545562,4.45554042996355,-0.3977777777777778,-0.07222222222222222,-0.3977777777777778,-0.03461357083505176,-0.07310684124406175,0.012808964629131373
1592167981.469355,-0.34000975944292045,8.795446560455792,4.355456319898712,-0.3977777777777778,-0.07222222222222222,-0.3977777777777778,-0.00862709270153533,-0.05484019980013176,0.001587533984602288
1592167981.479355,-0.2875232946866776,8.685139768120067,4.5223214074021385,-0.3977777777777778,-0.07222222222222222,-0.3977777777777778,-0.07274773429097742,-0.04391356216387131,-0.012532695736770873
1592167981.489355,-0.3074100452231665,8.441277172132043,4.765017805256374,-0.3977777777777778,-0.07222222222222222,-0.3977777777777778,-0.09231646124074272,-0.03397663946510284,-0.03131232227697182
1592167981.499355,-0.22049326949137232,8.457798958051013,4.858292227542385,-0.3977777777777778,-0.06024456021655407,-0.37382245376644146,0.017819760680557947,-0.005216094145543023,-0.05174720297542475
1592167981.509355,-0.25565129857056573,8.585737467284074,4.804348701429435,-0.3977777777777778,-0.057777777777777775,-0.3688888888888889,0.09803158104070928,0.023068336835336167,-0.05636272361182302
1592167981.519355,-0.5277887545713125,8.68570956928078,4.524356460788297,-0.3977777777777778,-0.057777777777777775,-0.3688888888888889,0.1362782465014761,0.06972676462440426,-0.06381180008524466
1592167981.529355,-0.7408471201706566,8.626485423086038,4.388546100971794,-0.3977777777777778,-0.057777777777777775,-0.3688888888888889,0.0977982670386959,0.08437735112074707,-0.048994978736477936
1592167981.539355,-0.7869695635769086,8.65181738146145,4.279395673500189,-0.3977777777777778,-0.057777777777777775,-0.3688888888888889,0.08607650903513554,0.08161406312306524,-0.02723804875476137
1592167981.549355,-0.7075807370535848,8.72769348406249,4.256483852589283,-0.3931989298363103,-0.057777777777777775,-0.3688888888888889,0.0698008712889783,0.05895238923093886,0.0010433038063662158
1592167981.559355,-0.6585427010923535,8.687571168487256,4.301943065210195,-0.39222222222222225,-0.057777777777777775,-0.3688888888888889,0.04023282541224991,0.04539098179611535,0.018036170239455012
1592167981.569355,-0.561223111869682,8.555939358951834,4.408776888130317,-0.39222222222222225,-0.057777777777777775,-0.3688888888888889,0.005525669436788415,0.02791865311970699,0.05279321454420707
1592167981.579355,-0.52561763991074,8.609102980490931,4.4803382603124104,-0.39222222222222225,-0.057777777777777775,-0.3688888888888889,0.018654818730821938,0.024304671941902816,0.07568441414761844
1592167981.589355,-0.5314782745282834,8.668695686320708,4.477043450943433,-0.39222222222222225,-0.057777777777777775,-0.3688888888888889,0.03260162110865637,0.027128491011271152,0.08056022316869454
1592167981.599355,-0.5594834445585215,8.683505518480493,4.41453862936345,-0.39222222222222225,-0.049840078142824554,-0.37826980663928816,0.04242970560207564,0.04149587773572006,0.07112939069284192
1592167981.609355,-0.5559914639929544,8.715021340017614,4.26392317593659,-0.39222222222222225,-0.04555555555555556,-0.38333333333333336,0.05160048611474259,0.0648055909534589,0.05966425369989591
1592167981.619355,-0.55,8.764103558177148,4.134972172010275,-0.39222222222222225,-0.04555555555555556,-0.38333333333333336,0.05528556334586862,0.07422690430790359,0.04853893425831158
1592167981.629355,-0.5636287111005127,8.773185644449743,4.140886133301538,-0.39222222222222225,-0.04555555555555556,-0.38333333333333336,0.02812912735806701,0.07526732399225547,0.03208743712729285
1592167981.639355,-0.553614163147536,8.677146924502704,4.312934477289665,-0.39222222222222225,-0.04555555555555556,-0.38333333333333336,-0.012135437739686273,0.06752184805681467,0.026775744621102694
1592167981.649355,-0.48902530896865176,8.577344581763846,4.490974691031348,-0.3966274424348079,-0.04555555555555556,-0.36256586661685813,-0.044174045390760044,0.05305472484904455,0.03344907646299369
1592167981.659355,-0.4234168386591701,8.579937371005622,4.5233542096647925,-0.4,-0.04555555555555556,-0.3466666666666667,-0.03532029489967761,0.044005950578682916,0.0396289639217083
1592167981.669355,-0.38329299041855774,8.636737266767524,4.366434694906707,-0.4,-0.04555555555555556,-0.3466666666666667,-0.01197603477848227,0.04545568333334829,0.03817577684037899
1592167981.679355,-0.3897216439381535,8.712591050501743,4.257130593436411,-0.4,-0.04555555555555556,-0.3466666666666667,0.0006563713374877515,0.04833992206662577,0.03350275055668409
1592167981.689355,-0.4055240523748811,8.745524052374881,4.300764576123692,-0.4,-0.04555555555555556,-0.3466666666666667,-0.0033558946646178897,0.0514977077621977,0.02440312504282567
1592167981.699355,-0.4354407801873476,8.743639804953164,4.400881560374695,-0.395053181630238,-0.04555555555555556,-0.35656030340619077,-0.02260243933951402,0.04928797041846363,0.006749699184828737
1592167981.7093549,-0.42006427152915693,8.704621411807185,4.394621411807186,-0.39222222222222225,-0.04555555555555556,-0.3622222222222222,-0.03529305305353004,0.04453082807553297,-0.0062341008760134166
1592167981.7193549,-0.2678622478545214,8.616011479345456,4.28196556196363,-0.39222222222222225,-0.04555555555555556,-0.3622222222222222,-0.044717801070661235,0.03162157066901031,-0.02356319710426214
1592167981.7293549,-0.22,8.63908295730649,4.371775772301284,-0.39222222222222225,-0.04555555555555556,-0.3622222222222222,-0.04739953187592514,0.024495265928946623,-0.010120759047598148
1592167981.7393548,-0.18900453201970444,8.624170443349753,4.486825024630542,-0.39222222222222225,-0.04555555555555556,-0.3622222222222222,-0.06426605374099933,0.018962851863500114,0.008525095122090478
1592167981.7493548,-0.09792824036560466,8.543571127605095,4.596428872394904,-0.38532536004062273,-0.04555555555555556,-0.35030946027218673,-0.0731401809851535,0.02081152254764379,0.024699558405432427
1592167981.7593548,-0.08115162644281218,8.568533578174186,4.527854144805876,-0.38,-0.04555555555555556,-0.3411111111111111,-0.03651164009209609,0.03528345391201351,0.03420979255421532
1592167981.7693548,-0.15668375152998776,8.685578335373316,4.346632496940025,-0.38,-0.04555555555555556,-0.3411111111111111,0.00012617320556415623,0.046260754926576865,0.03846229951679708
1592167981.7793548,-0.2082888770338757,8.754385169378502,4.261711122966124,-0.38,-0.04555555555555556,-0.3411111111111111,-0.010132593003375993,0.04908738521234052,0.039934910504733884
1592167981.7893548,-0.17185616681805616,8.707413016863473,4.322215749772916,-0.38,-0.04555555555555556,-0.3411111111111111,-0.041288317760209095,0.04488604319456142,0.036684564686812166
1592167981.7993548,-0.09131341463414633,8.64,4.438248780487806,-0.3858435636856369,-0.04236815718157182,-0.34429850948509483,-0.06786650273152174,0.03618844423746413,0.03220338663553059
1592167981.8093548,0.009272625802250953,8.64,4.497318156450563,-0.39222222222222225,-0.03888888888888889,-0.3477777777777778,-0.07589702993066758,0.029115268938748773,0.030374680815572996
1592167981.8193548,0.07754836804017132,8.599053807906268,4.486602175946438,-0.39222222222222225,-0.03888888888888889,-0.3477777777777778,-0.07252969476659274,0.030461152902544045,0.033280891135563484
1592167981.8293548,0.09,8.575811167747915,4.504867006487489,-0.39222222222222225,-0.03888888888888889,-0.3477777777777778,-0.06410806948426478,0.04286732453357527,0.037265215954718246
1592167981.8393548,0.047868058143868804,8.59404398061871,4.553406634364517,-0.39222222222222225,-0.03888888888888889,-0.3477777777777778,-0.05335719694464681,0.06294455463456441,0.038179077387375956
1592167981.8493547,-0.06568430377159211,8.625157916254983,4.595157916254983,-0.3894152006935217,-0.03888888888888889,-0.34440935194333716,-0.044712578088221905,0.08957444810017004,0.040383706940634444
1592167981.8593547,-0.15169384025513313,8.618306159744867,4.615006270828108,-0.38666666666666666,-0.03888888888888889,-0.3411111111111111,-0.04363323129985824,0.10199336220465179,0.041268168508238556
1592167981.8693547,-0.282267488608952,8.532267488608952,4.595465022782095,-0.38666666666666666,-0.03888888888888889,-0.3411111111111111,-0.024201181681030994,0.10836326442318987,0.027619566432826374
1592167981.8793547,-0.24116053737979026,8.60883946262021,4.605764026482385,-0.38666666666666666,-0.03888888888888889,-0.3411111111111111,0.01052852285553066,0.11696997510812067,0.018250843591502766
1592167981.8893547,-0.2029521302212091,8.618856390663629,4.642082062477927,-0.38666666666666666,-0.03888888888888889,-0.3411111111111111,0.019627494395185293,0.12251745416077911,0.014934684123525256
1592167981.8993547,-0.17936210955893894,8.425626432271228,4.723758593627374,-0.375003819389944,-0.03500127312998134,-0.3411111111111111,0.02079036835058408,0.1550992209185693,-0.0021120785120959476
1592167981.9093547,-0.25758573167650506,8.497240048694215,4.612759951305786,-0.36,-0.03,-0.3411111111111111,0.0710162233643897,0.17460804086394643,-0.0046266789504332655
1592167981.9193547,-0.3791423519009726,8.635814739688978,4.450857648099027,-0.36,-0.03,-0.3411111111111111,0.10480956554919595,0.1761701074894678,0.013086224924796771
1592167981.9293547,-0.5493363838911383,8.57824656812247,4.417251143959177,-0.36,-0.03,-0.3411111111111111,0.07683898167317679,0.16260617587990261,0.03957491011190821
1592167981.9393547,-0.6254648270961629,8.499690115269225,4.486394481288489,-0.36,-0.03,-0.3411111111111111,0.05612708052806418,0.1346207566031854,0.057522139933580435
1592167981.9493546,-0.6088810709281178,8.54186488178647,4.540372976357294,-0.3640339352500588,-0.0259660647499412,-0.3347720700038758,0.07321155628728591,0.09303842452050368,0.07733076696226389
1592167981.9593546,-0.569541214620281,8.600458785379718,4.5480984026582325,-0.36777777777777776,-0.022222222222222223,-0.3288888888888889,0.09230212772607187,0.0697667489611618,0.08929073779455377
1592167981.9693546,-0.3531127228770021,8.704870303213458,4.427723632517377,-0.36777777777777776,-0.022222222222222223,-0.3288888888888889,0.10695800758351293,0.03552273905471012,0.09126829075974988
1592167981.9793546,-0.21347664028593313,8.698984426857288,4.347538932856779,-0.36777777777777776,-0.022222222222222223,-0.3288888888888889,0.10231652986547762,0.04113621186453115,0.06476816821877004
1592167981.9893546,-0.20533959177867864,8.686662755138325,4.372002346917005,-0.36777777777777776,-0.022222222222222223,-0.3288888888888889,0.10035643198967394,0.04930708742242728,0.04726720050041938
1592167981.9993546,-0.3631819837721477,8.671193243914555,4.384403378042722,-0.36777777777777776,-0.015868042906294275,-0.3202240989126235,0.10319197787866705,0.07670525535955822,0.013877087160748421
1592167982.0093546,-0.45637690673875264,8.69727051554354,4.357717319945936,-0.36777777777777776,-0.01,-0.31222222222222223,0.10372640193634064,0.08404270905181578,0.006991595544796361
1592167982.0193546,-0.56,8.651474908349316,4.218195634756853,-0.36777777777777776,-0.01,-0.31222222222222223,0.0775739349279983,0.06707696954188233,0.014484884249382823
1592167982.0293546,-0.5695284057631487,8.615235797118425,4.145235797118426,-0.36777777777777776,-0.01,-0.31222222222222223,0.06326818538479445,0.043679409845576195,0.030028832399495387
1592167982.0393546,-0.58,8.700305787111253,4.14,-0.36777777777777776,-0.01,-0.31222222222222223,0.07354731572411902,0.02154902286299177,0.045306243612112045
1592167982.0493546,-0.5902992474546259,8.812535340120997,4.1811969898185035,-0.3712108602626531,-0.014195989703736495,-0.3179440263636811,0.08195830005800656,0.0012694649867777867,0.04864760833998744
1592167982.0593545,-0.61,8.700667763767848,4.310204199888744,-0.37777777777777777,-0.022222222222222223,-0.3288888888888889,0.05170007967136271,-0.015389022187175746,0.042139659845787845
1592167982.0693545,-0.6008707137038043,8.607176784259511,4.360870713703804,-0.37777777777777777,-0.022222222222222223,-0.3288888888888889,0.03969587803477302,-0.023215411495961,0.04235244025519154
1592167982.0793545,-0.5667913715989564,8.61713380544167,4.391775531121879,-0.37777777777777777,-0.022222222222222223,-0.3288888888888889,0.06470556737423477,-0.025673605054327343,0.04978739933823066
1592167982.0893545,-0.5251600266384613,8.678549966701924,4.44741998668077,-0.37777777777777777,-0.022222222222222223,-0.3288888888888889,0.0856127602276465,-0.02468441050356364,0.060893437327432264
1592167982.0993545,-0.4931263548003636,8.696252709600728,4.46,-0.37777777777777777,-0.022222222222222223,-0.33118010395543435,0.08085930961049057,-0.024373176403508147,0.07318726277704825
1592167982.1093545,-0.48,8.67,4.46,-0.37777777777777777,-0.022222222222222223,-0.33555555555555555,0.06654067773228381,-0.025089107997418484,0.07963064712224129
1592167982.1193545,-0.47625232711868976,8.67374767288131,4.306289561017727,-0.37777777777777777,-0.022222222222222223,-0.33555555555555555,0.04772333903567968,-0.021272215655761432,0.058910954637291874
1592167982.1293545,-0.4480749912393412,8.688770003504263,4.204385001752132,-0.37777777777777777,-0.022222222222222223,-0.33555555555555555,0.056262327551129844,-0.022849088705713345,0.03441079920006721
1592167982.1393545,-0.3636223756960431,8.724665210632981,4.185334789367019,-0.37777777777777777,-0.022222222222222223,-0.33555555555555555,0.06852476935152618,-0.03220525334708138,0.02284518131426997
1592167982.1493545,-0.24856744863393168,8.775716275683033,4.137141862158483,-0.37777777777777777,-0.022222222222222223,-0.33555555555555555,0.07012342505017075,-0.03989345711750138,0.021037559341247146
1592167982.1593544,-0.22909833372447783,8.771803332551045,4.1345491668622385,-0.37777777777777777,-0.022222222222222223,-0.33555555555555555,0.04858223916680614,-0.04095533261006103,0.024297801273950627
1592167982.1693544,-0.2488007523216175,8.741199247678383,4.109197366874339,-0.37777777777777777,-0.022222222222222223,-0.33555555555555555,0.026266466652493832,-0.041320752106523626,0.027750776139488773
1592167982.1793544,-0.22262372834753918,8.763223352579965,4.094917514434974,-0.37777777777777777,-0.022222222222222223,-0.33555555555555555,0.0107414989934555,-0.04163637412506281,0.03379775869870171
1592167982.1893544,-0.1408535936113576,8.81,4.142953958394952,-0.37777777777777777,-0.022222222222222223,-0.33555555555555555,-0.0034084939848299,-0.04071400336667868,0.04569074270658299
1592167982.1993544,-0.04361787725843025,8.804402750347451,4.178395874478824,-0.37995448597599135,-0.02097838896610018,-0.32902543096091486,-0.03062512807790906,-0.04297798278944489,0.05728908262306601
1592167982.2093544,0.05,8.79,4.2,-0.38555555555555554,-0.017777777777777778,-0.31222222222222223,-0.05890486225480862,-0.04690572364734761,0.0643590161672909
1592167982.2193544,0.124,8.71,4.25,-0.38555555555555554,-0.017777777777777778,-0.31222222222222223,-0.09882926889417891,-0.034252086570388716,0.060650191506802946
1592167982.2293544,0.16,8.71,4.25,-0.38555555555555554,-0.017777777777777778,-0.31222222222222223,-0.10799224746714915,-0.02181661564992912,0.053450708342326333
1592167982.2393544,0.09173717481157306,8.633912391603857,4.365219020990356,-0.38555555555555554,-0.017777777777777778,-0.31222222222222223,-0.1106006847516089,0.0034628064707586145,0.030352947786631515
1592167982.2493544,0.027551622418879058,8.62498852835136,4.4,-0.3789041844204086,-0.019440620561564516,-0.3163793291816891,-0.10472976602162959,0.02071577396546285,0.015004554391684289
1592167982.2593544,-0.06153016461649783,8.661530164616497,4.391387934153401,-0.35888888888888887,-0.024444444444444446,-0.3288888888888889,-0.08035661789807422,0.036164330888979315,0.005756954172203845
1592167982.2693543,-0.09383675151071233,8.69,4.356979490935726,-0.35888888888888887,-0.024444444444444446,-0.3288888888888889,-0.06503132228451987,0.043873679487814676,0.0036910170127568464
1592167982.2793543,-0.1,8.679221217341372,4.341557565317255,-0.35888888888888887,-0.024444444444444446,-0.3288888888888889,-0.06945407493343456,0.0528367571669161,0.0063229611169641564
1592167982.2893543,-0.1265533007763099,8.636397065976613,4.45080880207016,-0.35888888888888887,-0.024444444444444446,-0.3288888888888889,-0.08111449703873913,0.0569197102568164,0.013035827916210978
1592167982.2993543,-0.18642544134218106,8.578212720671091,4.628936396644548,-0.36365496709931416,-0.02086988578662549,-0.3259100900073731,-0.08434203363637538,0.0607755407608627,0.02287036610721614
1592167982.3093543,-0.1439613927048792,8.58487920416864,4.640241591662719,-0.38555555555555554,-0.0044444444444444444,-0.31222222222222223,-0.06035404981023795,0.06233017942651557,0.03840566634906459
1592167982.3193543,-0.044440976640338026,8.647039348906441,4.4566583439368115,-0.38555555555555554,-0.0044444444444444444,-0.31222222222222223,-0.03244148502966863,0.05324834958170045,0.049612700907874965
1592167982.3293543,0.06490776307677716,8.71745388153839,4.233726940769195,-0.38555555555555554,-0.0044444444444444444,-0.31222222222222223,-0.009579984553140972,0.03672194638337538,0.049514054358925176
1592167982.3393543,0.09,8.727060453639556,4.257637278162665,-0.38555555555555554,-0.0044444444444444444,-0.31222222222222223,-0.00352720242220269,0.019958631746941846,0.04023489536318763
1592167982.3493543,0.08847019376470967,8.710821162588259,4.3061192249411615,-0.3824959430849749,-0.005634293738559141,-0.31477189928103944,-0.01483603015306751,0.006801435611120341,0.026448663608526848
1592167982.3593543,0.0623727250230591,8.667050909990776,4.357627274976941,-0.3655555555555556,-0.012222222222222223,-0.3288888888888889,-0.03169696435928337,0.0006433916324827807,0.004048964795555112
1592167982.3693542,-0.0014580694500872377,8.670562579164974,4.39,-0.3655555555555556,-0.012222222222222223,-0.3288888888888889,-0.03484521717281213,-0.002181661564992912,-0.011692299272088712
1592167982.3793542,-0.09538373205741627,8.64048110047847,4.418556698564593,-0.3655555555555556,-0.012222222222222223,-0.3288888888888889,-0.04124165005031026,-0.005642831102851882,-0.025330265108926855
1592167982.3893542,-0.1397433150988868,8.60461497264833,4.513334225928618,-0.3655555555555556,-0.012222222222222223,-0.3288888888888889,-0.04877967754277436,-0.017005877055732782,-0.030263554219488245
1592167982.3993542,-0.10262622215098574,8.562457925949673,4.617373777849014,-0.36651141564709444,-0.011266362130683336,-0.32793302879735003,-0.04177476266665643,-0.03037248631015667,-0.028916194870004627
1592167982.4093542,-0.05,8.58,4.67,-0.37333333333333335,-0.0044444444444444444,-0.3211111111111111,-0.020725784867432664,-0.044724062082354694,-0.025089107997418484
1592167982.4193542,0.0,8.544583837215416,4.753833534886167,-0.37333333333333335,-0.0044444444444444444,-0.3211111111111111,0.014444230730527759,-0.04984188749656896,-0.02181661564992912
1592167982.4293542,0.0,8.51,4.74,-0.37333333333333335,-0.0044444444444444444,-0.3211111111111111,0.0272707695624114,-0.04908738521234052,-0.02181661564992912
1592167982.4393542,-0.017944795208029787,8.527875789218067,4.680207017969888,-0.37333333333333335,-0.0044444444444444444,-0.3211111111111111,0.07300286118343172,-0.043640758685661044,-0.02203327632926785
1592167982.4493542,-0.05150518975545487,8.606773353899547,4.552474051222725,-0.37333333333333335,-0.005531525934495182,-0.3220309492950002,0.12494069905616555,-0.038777335974247866,-0.022907446432425576
1592167982.4593542,-0.05728751780239941,8.6963562410988,4.434575035604799,-0.37333333333333335,-0.01888888888888889,-0.3333333333333333,0.17373798032474813,-0.03445831933777879,-0.022907446432425576
1592167982.4693542,-0.020022121204754842,8.719977878795246,4.306828888834869,-0.37333333333333335,-0.01888888888888889,-0.3333333333333333,0.17236091583087704,-0.03963030103189223,-0.02181902869903837
1592167982.4793541,0.006916008306083968,8.74,4.163458004153042,-0.37333333333333335,-0.01888888888888889,-0.3333333333333333,0.15947531026071574,-0.042542400517361786,-0.019634954084936207
1592167982.4893541,0.014193251962684034,8.742903374018658,4.17,-0.37333333333333335,-0.01888888888888889,-0.3333333333333333,0.14877509798962008,-0.042542400517361786,-0.02058508101073198
1592167982.4993541,-0.013525816649104322,8.757729038085202,4.152609664308295,-0.37333333333333335,-0.01888888888888889,-0.3309716828072992,0.13991101037549336,-0.04169929325111915,-0.024172107331789525
1592167982.509354,-0.07,8.79,4.08,-0.37333333333333335,-0.01888888888888889,-0.3211111111111111,0.13199052468207118,-0.038179077387375956,-0.02945243112740431
1592167982.519354,-0.11962183740626854,8.797594540648433,3.9835399471327615,-0.37333333333333335,-0.01888888888888889,-0.3211111111111111,0.10383518003617881,-0.04377187279112229,-0.031068051731247447
1592167982.529354,-0.14001207408659536,8.799987925913404,3.919975851826809,-0.37333333333333335,-0.01888888888888889,-0.3211111111111111,0.07637132556008065,-0.05889959394067713,-0.03236175224023915
1592167982.539354,-0.12,8.82,3.96,-0.37333333333333335,-0.01888888888888889,-0.3211111111111111,0.0545415391248228,-0.06763150851478027,-0.031634092692397225
1592167982.549354,0.0020923038465143896,8.806861544230228,4.093138455769772,-0.37333333333333335,-0.01888888888888889,-0.3206461547007746,0.015342119285988182,-0.07733486808514269,-0.0272707695624114
1592167982.559354,0.04264062571051794,8.75,4.171125005684144,-0.37333333333333335,-0.01888888888888889,-0.31222222222222223,-0.030972778700662295,-0.07267489576317937,-0.026982721981402943
1592167982.569354,0.03398905929004825,8.73170178204577,4.236861831732837,-0.37333333333333335,-0.01888888888888889,-0.31222222222222223,-0.05769226346680344,-0.06145779506792655,-0.027676958235612743
1592167982.579354,-0.02230008813510874,8.674600176270218,4.283000881351088,-0.37333333333333335,-0.01888888888888889,-0.31222222222222223,-0.07299843442085868,-0.046491150265705175,-0.032474022780870526
1592167982.589354,-0.03200341609731711,8.683989751708049,4.372020496583903,-0.37333333333333335,-0.01888888888888889,-0.31222222222222223,-0.07482838321038021,-0.03882910419594242,-0.03141555389748698
1592167982.599354,-0.04113896457765668,8.658861035422344,4.42683378746594,-0.37244747199515593,-0.019521646987587044,-0.31158946412352406,-0.06723143815149955,-0.026994940961278777,-0.029922053099160278
1592167982.609354,-0.05,8.65,4.48,-0.3655555555555556,-0.024444444444444446,-0.30666666666666664,-0.05563236990731925,-0.016362461737446838,-0.025089107997418484
1592167982.619354,-0.07865418402690628,8.67173083680538,4.354422468751569,-0.3655555555555556,-0.024444444444444446,-0.30666666666666664,-0.039899130423859,-0.003943713859052118,-0.0206837856098565
1592167982.629354,-0.12,8.686292341764775,4.273707658235225,-0.3655555555555556,-0.024444444444444446,-0.30666666666666664,-0.025211605535110187,0.005102860371757113,-0.01458524294584998
1592167982.639354,-0.11217884155470435,8.71312846337812,4.2546926950671775,-0.3655555555555556,-0.024444444444444446,-0.30666666666666664,-0.017794554935419718,0.011316613776508166,-0.010634088945555318
1592167982.649354,-0.07140285042095235,8.72943885983162,4.2791582897474285,-0.3655555555555556,-0.024444444444444446,-0.30666666666666664,-0.01957374318803969,0.007758237271268226,-0.003517335935075437
1592167982.659354,-0.02,8.72,4.33,-0.37777777777777777,-0.03111111111111111,-0.30666666666666664,-0.030543261909900768,0.0,-0.002181661564992912
1592167982.669354,-0.037118194254445964,8.67615759233926,4.396157592339262,-0.37777777777777777,-0.03111111111111111,-0.30666666666666664,-0.04732486530287101,-0.0033772777613702175,-0.001405187024139005
1592167982.679354,-0.01819417922466352,8.637951455193834,4.380485448061659,-0.37777777777777777,-0.03111111111111111,-0.30666666666666664,-0.05126904677733343,-0.0036929384098191307,-0.004363323129985824
1592167982.689354,-0.04718400122069847,8.631407999389651,4.458592000610349,-0.37777777777777777,-0.03111111111111111,-0.30666666666666664,-0.04865803534818906,-0.00016929733691608965,-0.004516912037582551
1592167982.699354,-0.031184077514352742,8.639407961242824,4.4505920387571765,-0.37777777777777777,-0.03111111111111111,-0.30666666666666664,-0.033822807446183864,0.005066665452026922,-0.005389572502406386
1592167982.709354,-0.037501936756109584,8.671875484189027,4.428124515810972,-0.37777777777777777,-0.012222222222222223,-0.3288888888888889,-0.0070220647118322465,0.003749572364342878,-0.0023862451535405604
1592167982.719354,-0.06825065585499643,8.681749344145004,4.3937598378249465,-0.37777777777777777,-0.012222222222222223,-0.3288888888888889,-0.00379085159722087,0.0003275354054765176,-0.003654140035999337
1592167982.729354,-0.06521344275477142,8.69173781425159,4.275213442754771,-0.37777777777777777,-0.012222222222222223,-0.3288888888888889,-0.0022282275504340136,-0.0032724923474893677,-0.006212418424440652
